-0.071558274966864,0.00903459796111461,-0.119730259241628,-0.0595710500641471,-0.041402321851927,0.0629536190373039,-0.0813553724563967,-0.0028966029074784,-0.112895561106708,0.169396528277749,0.0472327814351061,0.00737453451374925,0.000276620947589956,0.000902392990771439,-0.0242920248108653,0.0326547159045956,0.0206038951235885,0.00379846352024882,-0.0182924678888128,0.142213118216388,0.176755708301282,0.149196655853935,0.015329529489702,-0.113002115166082,-0.0547467420783168,0.0694548195872684,-0.0592335019608292,0.0863491460768882,-0.028854716997162,-0.0475630434211003,-0.047886045453128,-0.0682014982382597,-0.0428788602277761,0.0574499721260915,0.00498436959283577,0.114930508012579,0.0331100533705351,0.0296782472687074,-0.036044547493717,0.0276358393145797,0.197760151742616,-0.124158325568468,-0.025647854969959,-0.101967035022442,-0.00538182947432686,-0.131361118825578,0.031840028185623,-0.107363214928828,0.0529688881993577,-0.113721018349281,0.0425622638578302,0.0871658313937973,0.082681073226917,-0.0542775225427961,-0.0128178504628211,-0.146642456251905,0.0433725718808136,-0.00419296208056208,0.0925504376030382,-0.0746095056659244,0.0673311504780396,-0.0775659408166911,0.104170650210001,0.0303645217060109,0.153895211993256,0.0282629016368257,-0.0232594011459257,-0.0267979929217597,-0.0137187759662361,-0.0445387202288243,-0.0265609321481755,-0.191445836946972,0.0352127194084682,0.179109934722563,0.274156686736992,-0.0800306294875948,-0.0550680192947026,0.050646278871521,-0.0388470196415991,-0.0313389349935038,-0.152612679257497,-0.0428477238761733,-0.164906537334804,-0.055136090290647,0.180537379459836,0.0730760243377735,0.0304626659271057,-0.179320907289272,0.0343707832061044,0.125289502211565,-0.0830198090913008,-0.0237519498562304,-0.108337526601858,0.168000742781794,0.0498797560832138,-0.132327029152645,0.0263050354023864,0.0416709909424322,-0.0786396341266942,-0.019691153337718,0.0511444687326452,-0.093583858845868,-0.0531070201952124,0.0887697401791638,-0.0187909845815049,0.0566691180748609,-0.0303125374374038,-0.10797040268627,0.0343365264704487,-0.054281987729123,0.00637419355377711,0.0737158637931021,-0.0652365998496705,0.0361085439354969,0.0896300110474402,-0.00762886775152793,0.0322408616904211,-0.000159781501307243,-0.0891337980442803,0.04990267676965,0.0770364821008003,0.00443988931784522,0.0572468564680841,-0.0906766303995896,0.0979773570539555,0.0611707840275217,-0.120365824307196,-0.0287738511440652,-0.0400856639717544,0.0887530022395278,-0.123936352719614,-0.0123377626084311,0.0558136792911501,0.0376501611495366,-0.10438771218773,-0.0268450254758124,-0.0897986065606933,-0.118929439333181,0.00859593088173893,0.0010087041171456,0.00198562645956835,0.0861620771996097,0.0376501226763386,0.0137891024451511,-0.00984398676356779,-0.0581383739207606,-0.00964095243828034,-0.0457630539910805,0.0781880387745226,-0.0732979274501826,0.0121733152105654,-0.0396541248759164,0.0792213932578254,-0.0169012344919848,-0.0758626735251893,0.0817877679791201,-0.041720244019531,-0.0675585431033601,0.0385364212653974,-0.0252690961962481,0.017215656810432,0.00609803405059317,0.0267981975068381,-0.017798282302639,0.0100221520517567,0.128812593683429,0.0902094655899373,0.123942108317052,-0.0605085057884103,0.0128068394129601,0.0316611443763233,-0.124594539279447,-0.0477667004908851,0.0422536900948018,0.0190066553293695,-0.0318752215361187,-0.0688055771250546,0.0428518739709907,-0.0623816803714776,-0.056630928708552,0.0417872322399688,0.00561828483786897,-0.0246964986348872,-0.0895763025741418,0.160417317087322,0.0689176210438984,-0.0222763140017106,-0.0835771406508621,-0.0570020277668433,0.0148712907144573,0.0173186743387677,0.00456885570306698,0.0414725050280222,-0.010840918926998,-0.148613917822679,0.066670364217235,-0.0109956573314909,0.109306374847737,0.175223526675941,-0.0285132717026211,0.126644903654404,0.0592781544272951,0.000709179339216881,0.126617264334039,0.00932287460262571,0.00131146945617822,-0.0436361303856367,0.0376628207072462,0.0833405585609768,0.125573861770612,0.157076724067793,-0.0468400337108146,0.136979763415732,0.0762667594154198,-0.0190467163320829,0.0532445350921256,-0.0660329198869363,0.0053223740081445,-0.145829729624346,-0.157627108114758,0.0461114439494148,0.00316924263235352,0.056389692659331,0.13566657663588,0.0389156658904555,0.115862461154228,0.0726198939206866,-0.0908301401543632,0.0275602464511979,-0.016977288066768,0.0987219786340172,-0.0421421456518072,-0.0441355377932742,-0.00853546035984198,-0.0862986682161164,-0.0324533741272033,0.0723995780842794,-0.00449788900589709,-0.101759324361156,0.059184863664727,0.038926671925035,-0.0599223697948816,-0.030416938739168,0.085979427362469,0.0463941564893617,-0.0435496980027663,-0.0701889674029692,0.0583119911093553,-0.0124849208388103,-0.116222302656607,0.0618545422785144,0.0702074730284807,-0.0307352859105237,0.00796114457957464,0.00149758073121165,0.158102272567977,0.1171722235079,0.0190315157248733,-0.0180278043031574,0.0351470837113055,-0.102115671775949,-0.0606775081225317,0.0278130991932628,0.0292610904085238,-0.0431826379578544,0.00237768418007311,0.0359318576239251,-0.0437508399989754,-0.09380936372661,0.0607578230959769,-0.0160447826060666,0.0329999595621433,0.061321270463583,0.00506532623757794,0.0349661559408148,-0.0922126067268927,0.0493351294743394,0.0753426206155632,-0.0370945422892057,0.0687953757603295,-0.0345756252625908,-0.00337442704773228,-0.0396473444951027,-0.0555180476236594,0.00599906101213499,0.0291003405256958,0.110845526803339,-0.152551959436761,0.0199447993265316,0.146632669544418,0.061025102977432,-0.0602175533397022,-0.00782766028654835,-0.114661066478691,-0.00720148881250626,-0.0418231167229512,0.0275396220845061,-0.108444033113426,-0.0760861707016764,-0.12995674345622,0.0652323311579677,-0.0168792187209359,-0.0801623187719729,-0.0248581332378182,-0.021567837426776,0.120597723937808,-0.00830396110583465,0.149521201083091,0.101131763596545,0.0275861134248983,0.0191708370131227,0.0711344269868117,0.0115137621138151,-0.133417169647596,0.0751187007406511,0.0719506218182033,0.14359568202975,-0.0446132077108681,-0.0965897791374832,0.0616796558374242,-0.05515216223686,-0.132679460527535,0.145938218385682,0.0232729357694699,-0.00474374844207759,-0.0093779981479023,-0.112202312976695,-0.00690263934778867,-0.0592451122752604,-0.0531252201992354,-0.000655925144799507,0.0402029336510188,0.0242796639344136,0.0130618521865613,0.124714227995592,-0.0508861821997066,-0.0786161960283644,-0.0384250031343556,-0.0847585987851556,0.0355044600885424,-0.00205748968373909,0.0157935961455253,-0.00976438866630103,-0.0188509768114007,0.0564282733551382,-0.0291985896517675,0.0266581663969852,0.0563879157029792,0.030767267108863,0.065296232575224,-0.105189827953268,-0.134330644076679,-0.173878344415157,-0.206105543150472,-0.0406928572159573,-0.0517818729277297,-0.0309379353228296,0.204240680149862,-0.1480652141567,-0.0273797438012897,0.0115287622628353,-0.023215725045092,0.0273193404125736,0.0746379771420997,0.0564803263235993,-0.0146137185272623,0.148336576423576,-0.190925491192122,0.0149737189624819,-0.0776605864562505,0.0174343295712345,0.119065234529923,0.0957032103414448,-0.0333274626600355,-0.167239624068252,-0.0534068531464493,-0.00652067449603511,0.00134734902167355,0.104034962276249,-0.0986444930573036,0.0114376944066452,0.0560305441482545,0.0279875572118586,-0.0132237545483269,0.0182232573893204,-0.147192645459869,-0.0770907111652792,-0.148364638866554,-0.116841686640496,-0.0895821114492428,-0.0547737670893356,-0.0338226130121346,0.130009995979972,0.166016697000064,-0.0495503643826662,0.0116931190913356,-0.0180202611989255,0.0210649163725596,0.0704465070933249,0.11788485040746,0.0317275451330454,0.178998572476655,-0.113018235354622,0.136639221499661,-0.0706320161582927,0.00741278418345104,0.116129610429809,-0.00468780727209062,0.0369326290134473,-0.000366870247248574,0.0815447237621547,0.0807012521665895,-0.127217622739832,-0.132566307909634,-0.0431698693314968,-0.035795382183136,0.0363590184506566,0.138644768669038,0.0776601473642686,-0.0630038777452535,-0.0458119161915151,-0.134000837832467,0.0386867094093211,-0.0997474279000992,0.0907853813296664,0.0163878656194609,-0.157579057037764,0.0976039975328344,0.00834223671157686,-0.0836454962713606,0.0990965580155383,0.0565716191738295,-0.000122681780733824,0.113930231257244,-0.112803949278451,0.136643789244676,0.0328077745689035,0.132203507391852,0.079329351964728,0.0226169891123851,-0.188126393819055,-0.128074338039723,0.0113026895230566,-0.102586132140272,-0.0441054586164156,0.0639693756327793,0.0523463140635472,0.0485711483163433,-0.0468962201140712,0.0131936812454707,-0.050339752219037,0.0198477006152418,0.0492929329728655,-0.0993595934947828,0.0333783164353618,-0.0581801027009314,0.0604327958072346,-0.0438724373864354,-0.0164068228635417,-0.0454045416414921,0.0544240824866509,0.0215901097190179,-0.0330859402835366,-0.0655008753228952,-0.0814068574734819,-0.0453625459096898,-0.0558539442105097,0.028052789751317,0.0556360312520012,-0.0292795535757318,0.0233683501245823,-0.0842279805958013,-0.0410018658793767,0.0281074643861272,-0.0426350705622673,-0.00867971666955558,-0.0812163892460482,0.0122990156795566,0.00765634627089451,-0.0229898570002671,-0.0717645950806771,-0.0143786891918625,-0.0706151464893754,-0.0197730480907108,-0.01686313850474,0.104178916847495,-0.0635079297332863,0.013423214166588,0.0340886489438568,0.156945604901466,-0.0146029792184939,0.0588008091515129,0.0583304757895893,-0.0532789608628654,0.0201089851233509,0.0405456311437273,0.147290491664991,-0.108293750756357,-0.0263249179771958,-0.0314244914613386,0.0190193787872741,0.0444379017378043,0.0202611566236046,-0.084414234863786,0.0712116051280263,0.021396843436154,0.00307972060465156,-0.131877742155447,0.0496077064639486,0.0538301500701355,0.0393204485266461,0.0627662654338619,0.0441313387654556,0.0140949580699505,-0.0368122548919905,-0.00537795076586978,-0.0326793488037755,0.0027775860853938,0.112107115770068,0.0203201767699452,0.0311819188189335,-0.0165510482330848,-0.00451786177278324,0.0531661066676279,0.0883862598264982,0.0640130232050853,-0.114990973272706,-0.139926322970493,0.0366402746410848,0.00203029819037637,0.0494521133122476,-0.0154034098408644,-0.0468502727241216,-0.088686398430371,0.0690121287170071,-0.0934799115647245,0.0279641515789071,-0.168573763765516,0.122626271439423,-0.011818611142981,-0.0222225133523017,-0.00455693255008871,0.251761531831469,-0.01097141441748,0.0401703212992046,-0.0132548881652461,-0.0124169167662558,-0.0867622060135158,0.152442200863002,0.013406893013546,-0.000699527479407713,0.0826086357951801,0.0892612219892868,0.14241094976155,0.0649155800316077,-0.169177397660633,0.0323060600895633,-0.00598467912337552,0.0624910300989541,-0.0734821679585762,-0.0698611356858656,-0.123890882790691,0.0783504861473663,-0.0336547548094996,0.12217655003508,0.0228014404209318,-0.0584260328474553,0.0526727388681065,0.0944822109589651,-0.0913341441088189,0.0518275731947482,0.00329420601650798,0.0162175618151403,0.0519473216917159,0.142606564513572,-0.0175986063874207,-0.0636585603637636,0.0409214821762549,0.086571609940691,0.00193194607488456,0.0791828287421821,0.0524288840381362,0.0238581881355022,0.123953475526457,0.0043937472725466,0.0920533592692441,0.0453287169998364,0.0436740840263006,0.0665074637480052,0.088481626595355,0.0419241747052146,-0.0372008498006742,-0.0940503597963804,-0.0627476353898038,-0.0659701792095397,0.0957846426350837,0.079300857959955,-0.0534303900695097,0.112461159760745,0.0576403686771649,-0.0885272835890589,0.0857729675081815,0.0139866094482013,-0.132917868198458,0.0980554508475568,-0.180774945232568,0.160588404749549,-0.0805993605102353,-0.14843738651852,-0.0641033737697265,0.00777342865929675,0.0228389058750844,0.182098287373151,0.0629419400625091,0.048728945742925,0.0055040004007656,0.0652755218042058,-0.0636070666490394,0.145079400758992,-0.0277584833714113,-0.0465476274952321,-0.209467772618736,-0.0994635842766081,0.0828707973707796,-0.0866343347315839,-0.0564867358478156,0.0954544395351504,-0.0168604545257871,0.0333169930985795,-0.0279176542266013,0.0334800409658711,0.0542829608238244,-0.081184869125047,-0.0713157468176031,-0.00221830613761353,-0.0377120475009387,-0.00216724739543617,0.0957549905880355,-0.00243148443630581,0.106334439908963,-0.0660812325409337,-0.0101427671950942,0.0839813569591343,-0.0350095025796686,-0.00887943051492979,-0.0883413300845133,-0.13057372963473,-0.0832531354070456,0.0475644305037846,0.187797018325339,-0.0490260866868368,-0.070728107493796,0.0211024137450371,-0.0367645110852992,-0.0316112835142484,-0.0826086875519767,-0.0759201074667137,-0.0972749037066833,-0.0218797176397114,-0.101757651751979,0.0312696718282759,0.00536760192427765,0.0725518403992325,-0.0639545049471497,-0.0563389336478402,0.105845991104491,-0.0211977736392006,0.132453734043335,-0.0246816445524414,-0.147613147750373,0.0293913504070207,-0.0430973920355178,-0.0158429452698603,-0.0595375285993018,0.00359938286891692,-0.154155381382528,0.00565586878609725,-0.191257762482484,-0.0122438755573784,-0.187011748639201,-0.023948515252032,0.0387653924543079,-0.0540466779842426,-0.0653071150030344,0.162035178178658,0.0397107817918616,0.158160286345618,-0.0767852060519325,-0.0477474402636955,-0.0268908561464629,-0.0580302848295799,0.0385902155933968,-0.0584414003863571,-0.166759118872818,0.0880190934391512,0.00217239656291901,0.0987654187827394,0.0779965228968047,-0.104263833572925,-0.0230350840629994,0.105841954952542,-0.137502091282687,0.0867993087738479,0.0111810303587858,0.0635522092472767,-0.0366656296838199,-0.0417592097639723,-0.0385970578130741,-0.0956674364330254,-0.118665842124362,-0.0144521081701812,-0.102690352397618,-0.0265242318953307,0.0662998641939421,0.059518495303936,-0.0830770500897495,0.0998259463846485,0.0391724459523146,-0.0815512616213478,-0.000732783528652359,0.00930007900086194,0.00887144059793288,0.097791726665853,0.113752413403366,0.129399156301598,0.0587932654196788,-0.029446493508106,0.0821389554153589,0.00466397551281372,0.0256874700648977,0.0102992747744306,0.0398046227771376,0.0132785687162618,0.0446676312817145,-0.0590669555832775,-0.0708669069248367,-0.0163759928578697,0.0992591397944684,0.113678085576105,0.0982244507710415,0.00640630683947552,0.164902857649407,-0.030016132005168,0.0811707501372858,-0.0337848209607712,0.126004910947601,0.027413905900973,0.270407508047741,-0.0289639505280777,-0.0224454093429327,-0.00898945759326697,-0.0535218545221836,-0.113783704426308,0.010172235115574,-0.0769168231181081,-0.0195578511345738,0.0804165403745722,0.00143964799844376,0.0760554168690559,-0.0928742284166533,0.04335286480759,-0.0339062613001038,-0.0207637348855467,-0.0653292435231192,-0.0152776878398546,0.000441480745549283,-0.0900868332159677,0.00503668692434212,-0.118711440358214,0.0603705443048117,0.0181545829326835,0.170580254369862,0.02629498069822,0.00393537292582669,0.18639803027397,-0.0492771721516765,0.0796615831965797,0.026314885744336,0.0784522712387314,-0.0486694391961895,0.082558616908939,0.172095477956225,0.029747929066255,0.0819849235995582,0.0178756698034692,0.0711255665295845,0.0922772379575361,0.00794132181628604,0.0631660000854053,0.00966053456362403,-0.21723334695666,-0.00762364266757043,-0.00220749032851897,-0.0779160698351875,0.0125910999165348,0.110941156884273,-0.138654180088654,-0.102246306058604,-0.0483448772987378,0.0887117794210268,-0.0383249923636697,-0.0682229510365779,0.0345318570499058,0.0794586070622185,0.000397083351497907,-0.0182783570278842,-0.0461356257508996,0.0510576416209743,0.0826907933577061,-0.0737358634843055,0.0176923244994076,0.00391410836549433,-0.0540040765813141,0.0546574157969717,0.0756661107095951,-0.0979155400703293,-0.0354294919768416,0.0784905895138166,0.040924114444838,-0.0121337114250921,-0.0404270348196158,0.100740876937141,-0.122518850941148,0.138540109018586,0.0806075125025858,-0.0683175033594812,-0.0668853366201123,0.0804273613453879,-0.092313820518203,-0.0365680163180881,0.082799714241677,0.0564849890245949,0.0185533463593575,-0.0342626765217062,0.128556112032024,-0.0552610241986442,0.0936587765762971,0.0600799927293481,-0.0646737207440804,-0.155106678391783,-0.0164663380859,0.0178344519447218,0.0505262223917731,-0.0270474656533111,0.0590570607832213,-0.143726263846542,0.13016409409931,-0.0307472537694284,-0.0905760117950436,0.0633617881496047,0.205804469636199,0.0827984777488591,0.0634661638291427,0.0112797945385035,-0.00112270488211053,0.024526047151223,0.131294476770004,0.0586398348743105,-0.0815589273637851,-0.063118213681177,-0.0423019953014423,0.0919439065600658,0.0340548151137001,-0.0699694848997261,0.00809731271581304,0.0806521943262948,-0.0173119017066696,0.037373333032414,0.0707301151159498,-0.085953360757399,-0.0261388484538179,-0.102647019862642,-0.0591153420041266,-0.08276511345169,-0.0378321939681161,-0.0892876837814685,-0.0333314193261161,0.0252012498219147,0.0166196872451105,0.0151136176465201,0.0338679844294221,0.128220967406029,0.152369902962485,-0.041912647129243,-0.0486575281352497,-0.218757357183551,0.0819371794713231,-0.0914556610253094,-0.0582714348890399,-0.133417644936908,-0.0251730230122598,-0.0191962598800925,0.0690161349692593,-0.0873673221495004,0.132270984868796,0.00860045103890572,-0.0167567515337748,0.0656203699424025,0.0430419754186038,0.0516335125205865,-0.0402557712168594,-0.0411363466219337,-0.0987722220915197,0.147690329599822,0.042561535775635,-0.122073635465671,0.0513018651006005,0.00730645010810749,-0.0154128429303553,-0.0686932037510122,-0.141385295682135,-0.120489121681292,-0.000231743542466134,-0.0391809823197637,-0.162415142947454,0.105999693144777,0.0300798470124475,-0.0681182038844943,-0.0663010172827541,0.0836990201662111,-0.0183662279515264,0.0553397221019036,0.0136269108052225,-0.0189336466604297,-0.0976681108405728,-0.0244978257943669,0.0384828973153866,-0.0130590036943512,-0.0898491480966266,-0.000664167745469957,-0.080002435000738,0.0558058759626023,-0.0643458281735496,0.0622046654747659,0.0220415114975121,0.0605081097388218,0.0845130326223886,-0.0019046697806564,0.0555227564192977,0.00800061527500273,0.0390206550329431,-0.101417277378942,0.0145188869430555,-0.128792587129207,-0.157980212635263,0.0578272488218206,0.0418606700883664,-0.0196863298911563,-0.0760833714505402,-0.0256883949375193,-0.0464752605420835,0.0663467046787989,-0.142026176429328,0.0435909941744215,-0.103280083129257,0.118366458858065,-0.0743724549771425,-0.00436333982480974,-0.0350077824866064,0.0597495336236089,0.0937677338220082,-0.00464473902854445,-0.134447270648951,-0.000300399823744968,-0.109790773053689,-0.0717410648467087,0.0334705416365821,0.0532992313721885,-0.0218556440274744,-0.0911056522501754,-0.0857415494448972,-0.0827465554198392,-0.103750961102296,-0.0469414594895747,-0.0832837545497194,-0.00835874296901684,0.100183487283189,-0.0209850498509532,-0.122296270000234,-0.160632331039463,0.184244426054633,0.046504604934106,-0.014916214759312,0.0726819424386176,-0.215056741736149,0.0932982592747655,-0.0602333191742876,-0.0683424190748698,0.15797129514921,0.182120525118069,-0.133951645645846,0.0256587744834627,-0.0831806771478689,-0.0475280194385861,0.0169503080756779,0.117884292740267,-0.0127294170055134,0.052620279652881,-0.0399183007514847,-0.086860864299136,-0.138799066612401,0.102555604785217,-0.075650946658758,0.0172394069090163,0.0851544092931766,0.106457885484769,-0.0113393799473842,0.0124155766840695,0.0020676483816997,0.0560118183790115,-0.076283383883978,-0.0283644443496982,0.0522832489303062,-0.0869254036131606,0.113768782751593,-0.0141695758516933,-0.0360220524931441,0.00723251901425481,0.0770090139671487,0.151656730049208,0.0313243613332217,0.0373379007018939,0.176618178330636,-0.0460022884504996,0.0342396417922477,0.0414698106889073,-0.0385671722809748,-0.12087107503296,0.00459308232424593,0.0937665300625741,-0.0758547367163631,-0.108048848558775,-0.0586919977363523,0.0712629440090051,-0.0697925581634875,-0.0147847401842816,0.0352193261400253,0.0501216906363964,0.018255267286897,0.152370050408146,0.0619283779891868,-0.0512051336136343,0.0228826056807403,0.175116621507757,-0.0351581406308972,-0.0173354490077426,0.149874644212246,-0.0434801193459231,0.0430889994421033,0.0490741833366106,0.0260471478338906,0.0711632850395976,-0.217806303487506,-0.110291018827565,0.103014102358296,0.027534474926457,-0.0823332444023883,-0.086813763097171,0.0418747747843689,0.0580678468007034,-0.0294748387572006,0.0641548284110258,-0.0122627621075622,-0.0972812723884462,0.137018353119599,-0.0607753591252931,-0.124065348373921,-0.068486674830373,-0.0948076821788923,0.0578312417768021,-0.0230480770514743,0.0409121404297359,0.0490091544766107,0.060264669225742,-0.057550113934242,-0.0860544074887093,-0.0248102328680133,-0.00313675497163368,-0.106799213069363,0.0101684130100708,-0.0390607729764278,-0.0371340568404932,-0.0482637053110442,-0.0766496335714484,-0.0517255739910203,-0.0136533329020203,0.0527836433526352,-0.00676127926078163,-0.146084813128789,-0.0084361168510636,-0.00183189862343935,0.0324220171678096,0.0616341313217954,-0.107733571513712,-0.042953593433225,-0.0155738045774245,0.0369896661222562,0.00606797240681933,0.0981380982476339,0.0698264520363443,0.111046717591218,0.0833909209319539,0.0156625473230136,0.0739064937966147,0.000601655718520888,-0.0935012778605375,0.137845407113091,0.0467576164568853,-0.0255177383601355,0.0831335029511471,0.0288278753103124,0.0325388484979674,0.0140993393570641,0.077918930165348,0.0615739748463455,-0.213141040785497,0.0390634693823091,0.00672064574879094,-0.0754926045702184,0.172918795197981,-0.0301027500008653,-0.0774325436386727,0.055288246773642,-0.147520314848603,-0.0889252342421547,0.0896742477553636,0.032471036370004,-0.0340777229535441,0.139956887124324,-0.0913523151540336,0.0936215427290978,0.00217661485814435,-0.116375816891769,0.0623530012436941,-0.00763028117025977,0.000373507389470173,0.120658622221134,0.00167220168868543,0.0566037273697182,-0.0303068757308793,-0.099015759314689,0.00346839139057553,-0.12598750532017,-0.0447613261312672,-0.0113281799644454,0.0766474612104728,0.0278480176409046,0.0961938601475474,-0.0427343048306201,0.0212064512317387,0.000887010728407134,0.0392194978245792,0.0350629242789,0.203482446382766,0.0560202576637885,0.0370077297653286,0.0209492168782863,0.0598995329370307,0.0448224673834643,0.160204487792741,-0.0403526993386922,-0.0783561587025798,0.11747383083984,0.210046565584691,-0.04250082320742,-0.045098257393704,-0.0377075968535525,0.103858764825224,0.0785795075051725,-0.0759979528343195,0.0574261867821448,0.00667115552130171,-0.0493790298050345,-0.048826504119559,0.0239195414494784,-0.0117154932715451,-0.0757013879572126,-0.0733616764642422,-0.0158250643701168,0.0146011055646171,0.0616780317570442,0.0220306800412535,-0.0241335350361469,-0.027550832495435,0.00922268146831851,-0.00250508992648468,-0.084224113244276,-0.117799898452825,0.0567626278550657,0.00172283133163309,-0.0861379481520546,-0.0440183225472044,-0.0441827896304146,-0.0359564019739285,-0.0578791730871453,-0.0695090966295009,0.0390525842612439,0.0173228599856503,0.200357878786908,0.00768704171911971,0.00585124026413197,0.0658563945297177,-0.0132544968805099,-0.123027143254701,-0.0485571928906636,-0.0543271929442284,-0.0947693743677256,-0.0451417965394589,-0.0363149776013865,0.0177054020212328,0.0230124685988855,-0.167232299554957,-0.0614028540765208,-0.0771616258221957,0.084455547055815,-0.0590500448140667,-0.0512619198164139,-0.123717077552333,-0.0837219659324684,0.0260990378153014,0.0776559178012803,0.019384866907171,0.131423900350842,0.107688379484158,-0.183238693250008,-0.0227721550340503,0.153620367462359,-0.160862760823856,0.0183581942062405,-0.0076136644660787,0.0761529639505278,0.115296669613355,0.0623087139808409,-0.170750700760957,0.00509525894804908,-0.00271434379865365,0.0449210634907145,0.0378714536719291,0.0778488666213142,0.0249521453308559,0.123488125592978,0.0134449109027908,-0.00209685810553184,0.0334378221910239,0.0822239948141608,0.0355843632645152,0.0725920702045388,0.0616112837260145,0.111267206313418,-0.160747874615502,-0.0584105813551701,0.0209199812653829,0.0826276206855343,0.114294860212906,0.136124023696903,0.127375696716763,0.0580166210173381,0.0982732760304907,-0.0300886165331402,0.115647335454883,-0.0787316845478414,-0.131450311318257,0.0205046114638689,0.152076453427174,0.124888476588386,0.10612803864317,-0.0322513427697815,-0.0141765837818983,-0.0519417281496724,0.0608701086123569,-0.0340962706166872,0.0428421651708708,0.0177560892415283,0.185128755450408,0.0749892068406006,0.0284196666301384,-0.190210675028662,-0.0861965691283704,-0.0205781618056893,-0.0593007287391618,0.0494574126162219,-0.0862975853864958,-0.0711313206221273,-0.0592092648487408,-0.0190403241735337,-0.126338399216382,-0.0629019029902564,-0.0397840690325619,-0.0564631370718427,-0.0475082913055536,0.0556219265512885,0.0076533681410953,-0.0167080432964393,0.0018038622625105,-0.124302538773394,-0.00236440321306741,-0.118199926083438,0.0640164484107391,-0.142308863534818,-0.0433719472754079,0.0699701654718314,0.0177261170681742,0.0169619875675551,-0.0884031409731545,0.123229474516056,-0.0923293446417528,0.0736227734738146,-0.0282980395353638,-0.0765749097315194,0.101584441446939,0.106487620650436,-0.120894803806072,0.0487404660342965,-0.00709188209360567,0.10525588556385,0.0100693440855038,0.117336357338737,0.0258460408986712,-0.101779264852384,0.124348031408433,-0.0328792506628157,0.0778032687130614,-0.0104163467014313,-0.0753838722654887,-0.00972707392793559,-0.0814874620682975,0.0117866672600857,-0.0362037111956215,0.00432235818138293,0.00220889360234322,-0.0101679548641456,0.0594935794832878,-0.0546386683485434,0.098084137855732,0.126044161339623,-0.0171396831656216,0.125046668827788,-0.0153036348967701,0.035677721173546,0.0156074324650524,0.0973839168142692,-0.00907648202324829,0.176306503079105,-0.0871889600664861,-0.0510873191011081,0.0297746405111377,-0.0109717945352732,0.0280079776546223,-0.0690744755871942,0.0298103337612499,-0.0208882096496685,-0.0474422689242893,-0.056902809844094,-0.0079111220321364,-0.0426528924424314,0.00893409057391703,0.0581036393382233,-0.13878130872628,0.0342729512868085,0.0283933420852411,-0.00026872802222222,-0.0147831398658225,-0.122427473830014,-0.0519653090102379,0.125371309768012,-0.0110595088480734,-0.149506839075965,-0.216173108351367,0.0494787191346622,-0.0350509590509387,0.0108525566421354,-0.0869420515316524,0.00496962922337807,-0.0837941777830284,0.0101908881759771,-0.026913029644918,0.0233990539524789,0.048708008635306,-0.0504786888644628,0.023810144483065,0.0383356939901454,0.0742315407513332,-0.0611463586026488,-0.167274181957231,-0.0442165033849324,-0.101565001817632,0.0330014820895819,-0.149984452929965,-0.0586033771976413,0.0566360929073673,-0.16526002631878,-0.103207404226417,-0.0371519546049202,-0.308922161451449,0.0408456485361286,-0.145853894577299,-0.058382466382902,-0.112141745196952,-0.0659653252478005,-0.0639946572828642,0.0894706443313007,0.124996569784064,0.0464309700237517,0.14470797467512,-0.0343373553882089,0.00337323924718902,-0.0995434312202419,-0.0941878484551433,0.0236494547637505,0.0334169434633074,0.111614315734592,0.107077173130387,-0.125669401583428,-0.0207288706405486,-0.0552134291088482,0.100953582041675,-0.0819898390282745,-0.0657808473515935,-0.0994578226200469,-0.0199482620460083,0.114807068756557,0.102129167600495,-0.134773744675895,-0.0600883688463396,0.145372992972225,0.0840795029601389,0.250951902378171,0.0437286844099436,0.0647243791263008,-0.135947536943033,0.0572928595239055,-0.0399217437675361,-0.0432056768774594,0.0384016954758588,0.108977499779322,0.0998129100041523,-0.0307886205325421,-0.0474163567915773,0.0919621883459074,0.0285714601638432,-0.205835562483332,0.0410585732984481,0.0694259172747407,-0.114221183655919,0.10453471814171,0.177328393191121,0.000629328701520881,0.0305523142808801,0.115200577319589,0.145837817347672,0.00667390311608962,0.107505380872557,-0.0834139708800934,0.0782088516697201,-0.0768147683386227,0.0938148861652399,0.0774847936311387,-0.0466529484247742,-0.0821884650849078,0.0178664348938944,-0.0234711027282426,-0.0685159981062338,0.0347962101111388,-0.0987482311812622,0.191635369479482,0.0403647457635741,0.189402417160737,-0.00144569719320087,0.144807881380435,0.0667230474857397,-0.0908675151229206,0.0903924267147249,0.0416268886627962,-0.080556031767113,-0.0664917958349891,-0.0390215348870728,0.0438685390147895,0.0237329884835356,0.0127390860640872,-0.0100448943450102,0.0611933162346943,0.0491039002467217,-0.0818184458707343,0.0979448898056241,0.0119640802979224,-0.0228334054526984,-0.0846548100861506,0.119669955993823,-0.00938988082740222,-0.0436807198870248,0.0972110345919015,0.073770376874903,0.110927269360293,-0.0273326734375692,0.0980497915511982,0.0941500669958173,-0.176271385707524,0.0309135704810433,0.074054840309822,0.0029025011945607,0.0272067341709572,0.0397682554127097,0.042867488360032,0.120753806279355,-0.00176897119130981,-0.0757367149317592,0.0989713352959556,-0.0849322590354897,0.0160739282906497,-0.114801637162899,0.00263625236396647,0.00876428890165926,-0.00240124334447467,0.0344905674293525,0.0640734637819962,0.0489622490299202,-0.00539005863210074,0.0818467912890741,-0.0393079394868319,0.191947379019274,-0.137283433249168,0.166223046902783,-0.0502347091145534,-0.0901739742072327,0.0594101504473887,-0.0182111758676746,-0.0715398658907302,0.111103395957805,-0.0713555391791618,-0.150271448583673,0.0998101929628938,-0.100147610971661,-0.0741631741625399,0.0691421098797589,0.231444386209842,0.0176103165450243,0.0340328874471725,0.0782571693721907,0.0557571565136801,-0.103534521810056,0.17350820060476,0.110627723020054,0.0386747663651781,-0.0670306692323828,0.101479425802859,-0.175849394850963,-0.0588532523818488,0.107283528992226,0.0524986242111196,-0.096190944735346,-0.0669329712859197,0.0569256286966255,-0.0839891460138111,0.0277932834845862,0.154612999102125,0.0129544981133263,-0.0631787796800261,-0.190765780262552,0.039819054586433,0.0209898760224241,0.05484441679444,0.0158523530804306,0.0787320494931134,0.0517930445811006,0.0132672534248128,0.179726305925439,0.0793726455363739,0.0116812478813431,0.16108345484133,-0.02968010100893,-0.0265750569866707,0.0609618781111672,-0.0494838794682169,0.00093590454182535,-0.0403220322248767,-0.0116887850237655,-0.0708556158391369,-0.157353336970826,-0.00116597044874034,-0.124497621885204,-0.0516025135885281,0.0439855670696674,0.0445807197053261,0.139749663777454,-0.0388223273089681,-0.0101587979803868,0.184132744317196,0.0483226124992253,0.0482108775150638,0.0613880781732523,-0.0679178199685735,0.073708291309363,-0.0228434585956427,0.095782892160198,-0.0835186276934654,-0.0919482707246519,-0.0257383202793484,0.102068779690657,-0.062257630428554,0.0717372675603936,0.0989146706872273,-0.0716631211168566,-0.0745245550839106,-0.0476027210798189,-0.0187255445019425,0.0830499303133339,-0.0172800398285062,0.0884636177529017,-0.0407838799738727,0.0414238719973681,0.123791714571983,-0.0376167182863054,-0.0865609216686023,0.09538071895027,0.0562990629107629,0.00160462987106591,0.0364494540796825,-0.0132140306935495,-0.129259574511701,-0.0734028849725377,-0.0706356781536952,-0.0212466629050807,-0.0247168687326544,-0.003378215033639,-0.0768034515996558,0.132632166809737,-0.0808209237026145,-0.00470427238998061,0.059172197920828,0.0850822543565841,0.0497964975928549,-0.160687719105865,-0.0595294841963554,-0.107252818602521,-0.0170410122283924,-0.0433708596667004,-0.133679110305243,-0.0135784255139044,0.0504546718290844,-0.0787604604876697,-0.00161163357136918,-0.112015093246425,1.09125892371331e-05,-0.084912526034425,-0.0664056145899794,-0.0380233930961875,-0.03750195378655,-0.068613074811291,-0.117735940533715,-0.0696758490671798,-0.0567872793244568,-0.138456335820379,0.00183076336938259,-0.0316577145380208,0.0229527912882137,-0.000725072865010112,-0.13824024347478,-0.0434939906563527,-0.198980843984051,-0.0258939659283808,0.0545420516457809,0.0145818948093446,0.00901432910652034,0.0203211494750708,-0.0633474963782255,-0.0753756363067279,0.038353045586073,0.121318415972327,-0.048066074752211,0.0191598744975523,-0.0341309471591171,0.0726260127637088,-0.00160142331988533,0.083622968366416,-0.0768867055137212,0.154794285641223,-0.0520691691457396,-0.0245030243998521,0.00672142989267055,0.0347308718280728,-0.0477924046572027,-0.0537168374608461,-0.0451695647993957,-0.0209892828498508,0.0538129107201786,-0.0887028989787186,0.0824703341599362,0.0442931330885408,-0.1749412017195,-0.0772978675759823,-0.110486447280551,-0.00129232684542036,-0.0251031157037973,-0.05739494459299,-0.0670696326949685,0.0634590003561553,-0.0016263154988474,-0.0921277618131131,-0.0366465166976493,0.0423029500077823,-0.0519381279061002,0.0202813024840287,-0.0550263690454416,-0.100489367247881,0.0494536350489005,-0.211264868634804,0.117941076865492,0.156171486730815,0.0997152564005066,-0.0199701725586765,-0.0297868247406892,-0.125159298785491,0.0537632952325491,-0.0488482079643093,0.010230193241445,-0.00432262192176269,0.110601470315541,0.10270091130995,0.0317152666096288,-0.0712052580179727,-0.0201700866368348,0.0152543039229238,-0.118238715099364,-0.0977654338727971,0.0182472446375674,-0.0457628709573772,0.0497862810755474,0.0273156226133611,-0.0386730436295633,-0.0057679736929539,0.0438656986096333,-0.0713232072819174,-0.00744777326231016,0.0525785846356752,0.15306408299218,0.0627118364035975,-0.230992317793906,0.00464146800106491,0.0394605512732409,0.0276256854483705,0.171826930950627,-0.0572378397010125,-0.126976912730194,-0.044972720069957,0.0621252954701548,0.00570204014032893,-0.138141868809778,-0.0141161637946596,0.0944684456889551,0.00699343227581051,-0.0897642952113422,0.00736575544779594,-0.0904065820750581,-0.0106656447292082,0.0653704497174721,0.0901756372090832,0.037233861495126,0.0139136044978314,0.031299274906986,-0.053029135516991,-0.0152178067143391,0.13786820276495,-0.0335409586032611,0.00599362008057458,0.186328902386718,-0.0431053642697332,0.0828381588513216,-0.0216025645787519,-0.100503353998445,-0.0235610147429774,0.00933922275830668,-0.139803486480497,-0.0917074849263866,-0.0862284614780373,-0.0706575679766255,0.0230971101968902,-8.98528107833307e-05,0.0570103092880867,-0.00849477146973898,-0.0479004871327771,0.0881509287033511,0.185203677538525,0.0994445559155412,0.132946464938661,0.0503609519462396,-0.0503757652610037,0.100584167200918,-0.023102703578942,0.0349905056266033,0.0051413120276631,0.0989133672983677,-0.116562882765565,-0.0603844684655566,0.0561536454227234,-0.0140942793809913,0.092914962472137,-0.193489304148966,0.0799963323454322,-0.147777058305193,0.0742267895591406,-0.159525349341293,-0.0999973952569979,-0.100371934271538,-0.0737223567207295,0.0311355467012624,0.0113149791348717,-0.0589515225217285,-0.190949576365749,0.0846451777449426,0.039232776484238,0.0577177767232269,0.045185899703466,0.0517663251724101,-0.0320782880498101,-0.0844525110511514,-0.0161756005443148,-0.00302179273627967,0.085792737357004,-0.0492675885753564,0.0525445329669734,-0.10362554316572,-0.0755706425182265,0.077549051986642,-0.0463291339057497,-0.0694384604149425,-0.0165542137805588,0.0211338092707098,-0.0743545643855912,-0.123100834758279,0.0305478156709731,0.0948135578813414,-0.0388916121965872,-0.0936203370691446,-0.145048830716475,0.057515973251383,0.183230834096856,0.0576256116084286,0.12505934878146,-0.0898547909791731,0.077001122810411,-0.00619783552061692,0.0562376452199722,0.107284099461204,-0.175848177801875,-0.0080628081214269,-0.0839470843030137,-0.105906205656844,-0.0302637699715391,0.0339241548208928,0.119047196230661,-0.00210905185925636,0.141720260736395,-0.0630458808491037,0.120720306125329,0.0596931790265223,0.00914270417088181,6.65223060911657e-05,-0.0921904433750296,0.0595945934257056,0.0599235249537782,0.114828652257598,-0.0301205112994452,-0.0613420517456285,-0.019441612381768,0.0155866566343872,-0.116982814813584,-0.0110930879462723,0.0271819458772797,-0.164233439146986,-0.0153894444413076,-0.0684254190202136,-0.034509179821836,-0.117473394541934,0.0874487670035886,0.0108663329616703,-0.0255416295461437,-0.0949553234908249,0.0256891778590003,-0.0271890930535932,0.0841112389139416,-0.0669127405839118,-0.022793765191603,-0.119430854420404,-0.0652097892850314,-0.061464654743725,0.0426176008411945,0.0185003023271639,0.0833603158718828,0.00586625593575363,0.0275121375689773,-0.111924823486966,-0.0830652620401016,-0.0343279361527471,-0.0885533439891573,-0.0571821216203112,0.0108069779760569,-0.0144312707410172,0.0655584863133005,-0.00554751060086112,-0.0256875987022331,0.0126578591237094,-0.0560829348375171,-0.112598005473913,-0.107792748114584,0.0282194048936986,0.0539139528732284,-0.172638168998165,0.149583375876194,0.0447801390628011,0.0217019749418546,0.142837670522034,-0.00202009668732295,0.0372899226957899,-0.0384690453481502,-0.0205311591936002,-0.103946410453876,-0.132658322473779,0.0949592963622155,0.0493420659240829,-0.0535093907075548,0.105770130376537,0.0875547165124222,0.0544147094886944,-0.0616276665511775,-0.00204006783060606,0.00589342482434652,0.0322283793650109,0.000613854383188173,0.0158645559087072,-0.0160235733380176,0.052304912412952,0.0810343306370496,0.0709566565614517,-0.0687541699532095,-0.00607355429062784,0.0540772967508949,0.00801956992613517,0.0879171815975706,0.0255468789975941,0.033928916610628,0.0919859190681829,0.0405408136811438,0.0742653708111041,-0.0824602477935139,-0.0312800496678096,-0.0127065551737422,-0.0510936817907153,-0.063749825568395,0.0460792056684496,0.00253856006767705,-0.0707787579914312,0.00415415005155451,-0.100716575472558,-0.0295832011227937,0.0631845874015564,0.140034712449997,0.0154410496324227,0.0392139749466831,0.0714808024329805,-0.00121897143542249,-0.0983208129275432,0.0747474618127639,0.000916005906280937,0.000644449180341011,0.116130581387744,0.169015601483198,0.0435093154119843,-0.114441778068849,0.0466232361884291,0.0229893599122377,0.0237194832380605,0.0109345297467831,-0.0542851871463972,-0.0525820083681583,0.120908520552749,-0.173794766035853,-0.0820118920388313,0.0216201585251108,0.113845759473374,0.130778765093262,-0.081693069299579,-0.178362344758477,0.109038991058752,0.0363243544996488,-0.138099160985451,-0.0732236459835951,0.0369471842849187,0.0742395068055126,0.0962397559555739,0.101475430544491,-0.0534012459237951,-0.0328030881706565,0.0246091970739506,0.0911783362001271,-0.0242596990988035,-0.0801956602610718,0.130471101248335,-0.09409015312057,0.16971396756074,-0.0340533491461592,0.0425026087748295,-0.0231665940603558,0.0499828856945066,-0.0770302335701638,-0.035116425372669,0.0616805708881794,-4.21813469033694e-05,0.0353809780996772,0.00763036647990489,-0.0914117452922119,-0.0556067128958819,-0.0232924322196251,-0.0242023182929545,0.000304088284060589,-0.123336286147018,-0.00604031159947382,-0.0500905082155558,-0.15835601309067,-0.0406742114811736,-0.0687632446574016,0.0794290349246423,-0.093566803374018,0.08325444930288,0.0994135775164009,-0.0356563796369307,0.0361791372359606,-0.0912742359979508,0.00173422757362429,0.117911592448229,0.0904491002440055,0.0174358269695751,0.0731914818975614,0.120154212648719,-0.104420717154767,0.0375725505640609,0.144758177349308,0.104772904378021,-0.0481244795762219,0.227765195228072,0.0833255641676629,-0.0717324287575196,0.0613406071767413,0.0207368843138744,-0.15315303100828,-0.0679313980864844,0.061114641460831,-0.0185827172889468,0.137359836901739,0.0932350266879125,0.0974563704411722,0.085483874955655,0.0287361593636331,-0.0261855703693294,-0.0160097180900518,0.0428362252317886,-0.142697290995819,-0.0688987646036265,-0.093010107017613,0.0559201455672098,0.0750399531597465,0.0212054282241112,-0.0781765413980278,-0.121767186872528,0.138757916410564,0.0164531987323711,-0.0668310940369246,0.0272286656084,0.200093768028008,0.0144448829054107,-0.166801439688017,0.0646453381277385,-0.120943673748138,0.0975110474742087,-0.0529710611131389,-0.138684407293301,-0.0207016108137528,0.032306199030951,0.0762099528418392,0.0293934630502575,0.0963243740672399,-0.0117304337007464,-0.146699228810187,0.0662484672857331,0.147108011656128,0.0684865670932275,0.0632622546905675,-0.0992208888444042,0.0814687228165609,0.046229393623177,0.0856082489208494,-0.0396092321658017,-0.0281027486688217,-0.126553835293444,0.0143844465643392,-0.0642019078962441,0.106986046953109,0.109524551870923,-0.00630046947445928,0.0589704909809161,-0.0361579660728779,0.0091342421405336,0.0880546728789844,0.0329020022036626,0.117402403378525,0.0459561141602522,0.0400969217932752,-0.0267267149203052,0.0824861898063607,-0.0228925258351822,-0.118505142731576,0.170893428939292,-0.0480136754694414,-0.00878523884387583,0.00198606615769625,0.0467161155283871,0.119613612415065,0.0682126680368123,-0.197819010444106,0.0917734814909921,-0.0605283382516215,0.0950800245973094,0.0433180529344965,-0.138311684724682,-0.0500837790047992,-0.060029898353696,0.0535890142804532,-0.112973415617572,0.0302260191135437,0.0816225609757029,-0.0680012501633076,0.0454885130136524,-0.0550437317723103,-0.0789265742444787,0.00507077330920946,0.0973904733374373,-0.0118423608857858,-0.121266626326809,0.033672176173885,-0.0250586158777661,-0.0841386806038846,-0.109145186254551,-0.00678621814777536,-0.150766601237323,0.0678771654476207,0.00334059440970291,0.0588626217379868,0.0583425212083208,0.0897211968440592,-0.0368768962048476,-0.104433743765589,-0.0894946680622,-0.0156182550019031,-0.017236377502321,0.101140050928149,0.127169030164811,-0.0366558999815947,-0.196223767552993,-0.136727875775907,-0.0202612319230444,0.0419384370538702,-0.0165966398637076,0.0434107802221728,-0.00378545730609581,-0.0389505973569926,0.0103108536049563,0.0581988688523114,0.132364709642082,-0.0850169781532468,-0.0867955625968952,-0.0351294038986154,-0.0832413126985463,-0.0383050226013641,-0.0271579100563724,0.118023038481425,-0.111910797231811,0.0630225768013273,-0.0898188922993435,-0.0150059652391019,0.031919725462465,-0.0935594499259342,-0.172113338630299,-0.00973662640768813,0.0387206641988291,0.251633323905357,0.0458225238883592,0.0418050750927452,0.107318336690313,0.121163046202371,0.0748772256252299,-0.107249270579928,0.0289158331248951,0.0730382889381271,0.0224553923080237,0.0473674786361298,-0.00864029053300008,-0.0196377669982262,-0.0619892894321765,0.119081984499774,0.0960355086911249,-0.0589931963180153,0.0324563951084331,0.0662852557552955,-0.0187322350520862,-0.0162750851372855,-0.0289570225130462,0.0136794820974704,0.0144076985709229,-0.0383275931058851,-0.0849079536823094,-0.0270497858171561,0.0164390220671531,0.0481457987351155,-0.0104326033806061,0.0135476679119857,0.05806612120024,0.240209164989766,0.0602630109383542,-0.00689033631489355,0.205978823071821,-0.105402712673844,0.0846759151839667,-0.0494780303524367,-0.0549438987278839,0.0174518452246515,0.00269382792836881,-0.0835851230216331,-0.0191328932323049,0.0218410202588304,0.107143496383991,0.129205286251524,0.014777321672607,0.0446395508816924,-0.0023393869060655,0.0010560473162915,-0.0819467288618347,0.100752562613039,-0.00631477448478091,0.134885813354911,-0.0379108509594026,-0.0912705821352233,0.036313216764972,0.0161611532421477,0.0572309265152695,0.0664097283287701,0.0785975819404925,-0.0432941912461704,-0.06357447983298,0.0230592105177225,0.0833900220227233,0.134851484346695,-0.104975888183544,-0.125395963542961,0.0378378010543408,0.0153266407799668,0.0802182056458616,0.0534668578478157,-0.126117467684684,-0.0130590104589006,0.0166473453980005,-0.063035649524616,0.0641435558531516,0.0964611050105195,-0.0244427278743666,0.0536699222534547,-0.0859174296882061,-0.000529144338275778,0.0380085842128133,0.114800417745043,-0.0397423074309073,0.0848429069950094,-0.154122392750988,0.0284982190440763,-0.16097350038395,0.0591146488410521,0.133308043132231,-0.0778793117874219,0.0741339377678596,0.119498048438907,-0.0817565365279496,-0.0350064382860005,-0.0681003016643986,-0.0309273349798458,-0.0552660868208634,0.0195692478530669,-0.060823338216327,-0.0957028916645672,-0.0402680209357169,0.110216331944853,-0.106328543067481,0.000120218945578898,0.155608042305822,-0.0447007711837304,0.0818210515960451,0.163039339376473,0.0274510931565666,-0.0231492151374963,0.10621321921991,-0.144832913358842,0.0668133029327644,0.0594861118223113,-0.0243016471581514,0.090317969248753,-0.0473168296763076,0.083104073232795,0.0790519080071357,0.0848765900823665,-0.0420744826559867,-0.0540741325387222,0.0567137529439619,-0.00369194275517071,-0.129124275788112,0.013795719208479,-0.0700711803879299,-0.0875663035293006,0.00759122159389491,-0.0946960292539787,-0.0179249532774688,-0.0378526122412217,0.0709046990252653,0.0791022349202672,0.0759219863529021,-0.101240608361266,0.0843401337288392,0.0568385502685997,-0.0619299288345694,-0.072643106422996,-0.0636345501502333,-0.0613740858038723,0.0723785364232588,-0.032037884732024,0.0828626844871438,0.07273159417612,0.0217353771503568,-0.052971824508135,-0.144328751601446,0.103566648784312,-0.0405893165014084,-0.0385557835263817,-0.137446715260326,-0.0597762255204506,0.0120775497504433,-0.0218470305494378,-0.103261014340247,0.0421101427515382,0.0478108843588392,0.0951090010907651,0.077326086399625,-0.12187607655221,0.0650928805756101,0.0676882178793536,-0.028068317392492,0.065554193514398,-0.1081101634391,-0.085241274957824,-0.124362088147366,0.0306003320367434,-0.0462641641451942,-0.0598147412876529,0.0140135480224812,0.10751922284955,0.1027695247687,-0.0272928025242014,-0.00266797803791752,0.127090451977989,-0.0163341831761921,-0.0271899939416196,0.063280937538474,-0.0240347950263295,0.0835581093753273,0.059845576032187,-0.0643648394919465,0.0182784963442049,0.0140712247457313,-0.0512203013122465,0.126766012998711,0.170987847861722,-0.0456083138550545,-0.119762145374531,-0.153629043485629,0.116247879593141,0.051967514040951,0.053963921637904,0.0114725783788598,-0.0897367862323062,-0.0894756069735188,0.091750077054416,0.0291626283748072,-0.12794097594326,0.0655782714960802,0.0471595486990555,-0.141062321497786,-0.0326721687320823,-0.0446203691190812,0.0977216357457482,-0.0474551093972289,0.0475056763993809,0.168933196670892,0.109533205211276,0.0572766870127526,-0.00405262705020082,0.0602201364535597,-0.0157805732014813,0.0426303818323162,-0.0440300840571597,-0.0176849242172108,-0.00893272558997804,0.261590779192137,0.0188276681273494,0.022972044529401,-0.134805759817064,0.0148714060034545,0.062309142823076,-0.0536987024248536,0.0345770099195741,0.0926676018872075,0.00818493757260108,-0.0545574894719469,0.060628260339967,-0.0246940280827213,0.0674973121491416,-0.0293083315498039,-0.0176429419772512,-0.022038863073929,-0.0469572909018989,-0.0588037259004093,-0.0478723641783123,-0.00146508889885721,-0.0331917513587889,-0.00340183949632511,-0.0116251849620221,-0.0406011262051167,-0.0116104825461538,0.127085784698341,0.18651771833711,0.0729750145522792,0.00722928679643253,0.00395440060909058,0.0406410887396462,0.0527492810532895,0.0621617035850592,-0.0130530772830308,-0.135873990586856,0.0159930134265358,-0.000623312460202641,0.160989392561291,0.148072385704282,-0.113809875274273,-0.0235917115939879,-0.0865907374405923,0.0960332141280977,0.00610956173809951,0.0257025241483575,0.0889247667771609,0.0313376287916207,0.0304279394151887,0.0563921078358158,-0.0959088319400556,0.0634182063388478,-0.145406254860439,-0.0142852999940555,0.0201268893699988,0.0462133127010651,-0.109691847980954,-0.0973792223544434,0.0785609272615193,-0.107636043901929,0.0104910264645155,0.0499683942507663,0.155190189516251,-0.166208819845227,-0.140172594763322,0.0172951951071805,-0.0132657939656831,-0.000926405204399128,0.11072720505345,-0.150496903935572,0.0673679892637045,-0.0172389858778557,-0.0434801286092803,-0.0785967769150062,-0.0740200552147687,0.12043690093447,-0.0823704514911787,0.057963979629958,-0.154717010253615,-0.0668131723925418,-0.0140054073346345,-0.105266389324574,0.0224020433888696,0.11652328700493,0.0247731275595617,-0.102162406968857,-0.106157528195022,0.136803106936476,0.0378205012001849,-0.0921432029354721,0.0498999732769869,-0.0245912736758767,0.117291470573346,0.100744186806414,0.123790605579337,0.00424324376676433,0.0489656852380707,-0.0546808143923432,0.0260365091403636,-0.0669631845953731,0.0115080754364387,0.0137039385254816,-0.142274633179237,0.0252580678749856,0.0680338743491506,-0.0748752888110724,-0.104867421425166,0.103435227961797,-0.141169565169017,-0.154988104608773,0.0945121639271149,0.0133440831025031,-0.0820388990333254,0.0231924576964175,0.105534241034591,-0.126401926233677,0.0611450209847666,0.0865618242965418,-0.00309419100819053,0.0802097489015523,0.0113811059406974,-0.0469361597752034,-0.0144422033606744,-0.189886267093727,0.00538742464710928,0.0457585640569875,0.107664920747339,0.13090463232031,-0.0857382901519466,-0.0536953553792867,-0.0144574379314526,0.0874481880923692,0.140125316818585,0.0932155966613737,0.0251526797981514,-0.203431643316866,0.171889323002575,-0.0779779037268118,-0.133880110811448,0.0109305935126829,-0.03041109155361,-0.0635620403213837,-0.0847246725756579,0.0968698094080538,0.02908738015219,-0.0740767460294194,0.0495857570481002,0.0151844148186067,0.124312304184758,-0.199518867627497,-0.0222115304731663,-0.131259320817743,-0.0892720132336255,0.0782121087398258,-0.125831738704939,-0.05735152814878,0.0116136064444272,-0.0698192646164255,-0.131796083964118,-0.0171955913924644,0.0127762731493044,-0.0228800072905093,0.0345297361737997,0.138848044851116,0.0243713656961138,0.0468351375907261,-0.0681792143043145,-0.0135929672058444,-0.0578991364104438,-0.0370930343735609,-0.0839862482781175,-0.0341511188920101,0.0125327827094326,-0.0968606493256781,-0.101761850964005,-0.0328845791569368,0.131700513772431,-0.0532993986550334,0.0437723737615057,0.0369811393123674,-0.11744385152344,-0.060679522689381,0.0426459568905502,0.035103265025958,-0.0771441482247957,-0.056650555118265,0.0995817534927164,-0.0399151280755179,0.0271627054396106,0.0672808792190003,-0.0227714870712736,0.135052206400547,-0.0584398731599691,-0.0256890307451259,0.00976802945827049,0.0255900069012149,-0.0685304516747305,-0.129938623798711,-0.00308476338981256,-0.0080866386517382,0.0296310491257101,0.0270769027774773,0.0386995683656499,0.0824345939976989,0.0418772106223071,-0.138819497043885,-0.0153536892338089,-0.0675507040657584,-0.0202426479750351,0.00615184304904859,-0.0743904243246192,-0.114617469821805,-0.0242186441835184,-0.08041810884778,0.067718914770543,0.00957535902092355,-0.168782052920291,-0.174902343505821,-0.0737589798886962,0.0270342688539134,0.176755178584012,-0.0175865167213107,0.00776903963101572,0.0932976415820828,0.12667608457687,-0.0343612107565789,0.136356377572041,0.0610506885665347,0.063651687460152,0.0229801286311315,-0.0528623435194513,-0.120315023145871,-0.0168542772835241,-0.0530750122781276,0.0262791700102889,-0.0219653184301833,0.051907868027413,-0.177197043161974,-0.0960460130124616,-0.0234041496841244,0.0158141846480897,0.0305441356487361,0.0792205058421174,0.0254357631666737,-0.098138898573604,-0.0740024741893701,-0.218847527757935,-0.122512282161995,0.0519004962940719,-0.143578904316198,0.0515729509205491,-0.0242787862386384,0.02233159914043,-0.084463210662987,0.00557250955124289,-0.082423201751133,0.0488012568215872,-0.00190665229618281,-0.0246497090963556,0.0125007272579256,-0.1012207777473,0.0365761107039213,-0.0259490874090655,-0.119391224992979,0.00482483864388739,0.0719308188246037,-0.161523765332936,-0.114277521303694,-0.0562277133478437,-0.00356166188272811,-0.0506906960730475,-0.122179729663893,0.0795293106972408,0.130106168854657,0.0176543037284382,-0.0343715931263313,0.0567463420102829,-0.0187750774512438,-0.00234588862542662,0.0579648273748468,0.0151877544782852,0.138824135558181,0.0108777456866715,0.0763993721950347,0.00899755034632577,-0.225223563615731,-0.0977134946036262,-0.0220889469970817,0.0402423053031995,-0.0294208138777767,0.0291786104034102,-0.00311455429658425,-0.056788145866248,0.0385903183299414,0.0933927420040779,0.0679143114171767,-0.0141824556081138,-0.0197886954993054,0.159808597225962,0.12863881336076,-0.0268809579509739,-0.00355020288069774,0.0135991671787283,0.0251407165714057,0.0924334568785989,-0.0215520087993326,0.120970242265831,0.0227319783127053,-0.0146512185474661,-0.0757831456118621,0.0428706130234282,-0.0723723312603441,-0.0410993362066896,-0.0972938668635481,0.111885109928671,-0.0882495938631376,-0.0535687015035347,-0.00130800155527488,0.0106563208030133,-0.0366674669464211,-0.101782266740521,-0.103335350614186,0.0758234355058245,0.032451469627671,0.0678345189521308,-0.0993882484976893,-0.0277377795738136,0.160622584584649,0.0220880346724239,-0.166713866613375,-0.0122059678792263,0.0050952210987345,-0.0963648562345698,0.00966333438032763,-0.0486772690225146,-0.113695714683202,0.0704989755412258,-0.0636223559440579,-0.0349210825632373,0.0521362908840728,-0.013063082459607,-0.136771970687037,-0.107619530730034,0.120872837588229,-0.0269574494426355,0.0506883960269797,-0.111465544590083,-0.0902679131061621,-0.0913136671650996,-0.0567952484332404,-0.0627160099862722,0.127835699671033,0.0544337981745309,0.080596454882494,-0.0437027252357085,-0.0674182747637682,0.0560443334324376,-0.180599327164205,0.00764110675262919,-0.00807300815286993,0.087070080432609,0.0710923680189739,0.150622261632483,-0.0858344905822275,0.0817741159200693,-0.14347518974916,-0.0708816620287975,0.0558990524393481,-0.0675427338084491,0.00896044188861267,0.019795540017856,0.0234644031071434,-0.124835891436396,-0.110720795978961,-0.0283671565364552,0.0749825418357806,-0.119428912289564,0.0148231006165451,-0.0707510445755282,0.00393130631685823,0.231946522167863,0.0714126312316259,-0.0279966570766992,-0.0343162178174277,0.0774822267644288,-0.0900024991885262,-0.112212722621973,0.0247474526310456,0.0597037668284819,0.0123822171311401,-0.00743249460591677,0.0742757237273362,-0.0840037329266958,-0.0419210790906295,-0.0479218919091871,-0.0228014562806704,0.0846210428266314,-0.0237206089630084,0.0291404306610858,0.0040528695603772,0.0683411920810957,0.153745721243606,0.00489635613528971,-0.107000625640285,-0.0695274031215227,-0.0147531108137406,-0.0199503145042521,0.0040368193295679,-0.0225882258581294,0.0707920157366626,0.0732605456804818,0.0436778487585063,0.0726397982965006,0.0405128090473159,0.0301137386525758,0.0475389734650919,-0.110516655399953,0.0799721003640259,-0.0360225351601757,-0.0656207314082629,0.0314116505177822,-0.180243355964085,-0.136321563567384,-0.071356896771726,-0.00336141480995034,-0.0866117548476506,0.0209558827170935,-0.0468004301979046,0.0405083056859339,-0.102079553195837,-0.159359564779288,-0.0399604258676742,0.0236812603270786,-0.0343526482151635,-0.0663573751916644,0.0386685941604856,0.0554024173484904,-0.0650757449427539,-0.0446107164540166,-0.0585807779055041,-0.00220495836129198,-0.028723483290928,0.0597973178794295,-0.0412518324472804,0.0266390004397672,-0.085816953231598,-0.00813112132857707,-0.0437968957735837,-0.0745549875899387,0.135545926217332,-0.159923263453727,0.0200195848917102,-0.00302810505159723,0.0137485235383079,0.148228227385548,0.103073483697034,0.0358202073252354,-0.0628003019951819,-0.124531241491447,0.130675972972916,-0.150235556091382,-0.0169277714924703,0.128819004523312,0.116858095770539,-0.0306949070661746,0.0634653200953994,0.166753737199786,0.0635962872129012,-0.0453565130871691,0.00548731438521965,-0.0195967378266984,-0.0671638623378179,-0.0430161872680603,-0.155415927430371,0.0136871835186205,0.0218799557064058,-0.0390943926623777,-0.0597543781170451,0.0704438566993002,0.0673787390483183,0.0530056335776392,0.0862610742913943,0.0487465736800279,0.0495064910702574,-0.143526214748535,-0.000893948237989939,-0.0392539997786416,0.0340872779347998,-0.14645940071946,0.0551766880388365,0.147750233038777,-0.00885687686109815,-0.048681884965827,-0.0248455832352663,0.084882640326809,-0.0742212957948647,0.0374638659160391,-0.09870657166074,0.0407156301972345,0.0908293966935334,0.00765159336086718,-0.0165455956194189,-0.0185182396546568,-0.0842195986058649,0.0281106832343763,0.0313810282369518,0.0575194668660615,-0.065896223061805,-0.136432808554793,-0.0804091905583508,-0.0977657928815452,-0.0399095297101986,0.0350611123875515,-0.049604229091456,-0.0199705139557378,-0.0641176531224845,-0.0367500713965763,-0.0631724541794378,0.0551191876510364,-0.131642261881979,0.0396640608173568,0.0379544552009967,0.0767720859949135,-0.0700257600920069,-0.0010376956120437,-0.0256793605318801,0.0123994228075599,0.0178176012993199,0.166230218422998,0.0120633752372221,0.0318536488525838,0.173537536269063,-0.00561082400312696,0.0576782392656023,-0.0209180477614623,-0.184648276394517,0.073314412618751,-0.0591749316985117,-0.0344785125845632,0.108068437873032,0.0155977017085192,-0.00468012138277896,0.0442624318725136,-0.0789964420521443,0.0571641705550454,0.0438246787542442,0.0746905445156782,0.0285270328521139,0.0364868239941574,-0.00846980655817697,0.11510922408198,0.137253580408925,0.00148922820986419,0.00545666782403531,-0.0635700609224283,0.0280354687540536,0.0680723017739933,0.020391212608041,0.022074947632206,-0.0238483801553144,-0.0247119808942395,0.0163177576370941,0.0313025901594062,0.00604105724314041,0.0302174590103792,0.0886846560914323,0.0140030402541309,-0.041614790207511,0.036523567190577,-0.0817635576228861,0.0181971906490004,0.00406592953124107,0.115339782858527,-0.0200483233914701,-0.00306090157929884,-0.058398392361398,-0.00596843152294735,-0.0692490912174133,0.0167626762147197,0.0706385704360011,-0.141249093110027,-0.206934272216195,0.0271500458371772,-0.0236534165540765,-0.0119713609653926,-0.0101274418200954,-0.0173014835496743,-0.0220391134844107,-0.163062353660996,0.0858139126519779,-0.0708632316449895,0.033765241394468,0.0589412922091492,-0.0716369030039696,-0.0244964028736523,0.198281971167182,0.109142146551331,-0.0216464881569789,0.0169858826243159,-0.109329681322857,0.129407622721389,0.236726113095279,0.0385349548691942,0.114375190284465,0.0639020405881612,-0.0529153066523795,0.0227756639190047,0.169552667592551,-0.0704360757877858,0.0183652030604378,0.0280494325166845,-0.0370532016567626,0.030646509688357,-0.0391467689893688,-0.153167633809723,-0.121485416561673,-0.0758828519171995,-0.0450560403845008,0.0407693139624712,0.0143317354116541,-0.0618568639601254,0.00720725027892311,-0.0232123749744271,0.00181871789225174,0.15124201024124,0.107010300131434,-0.0118688139343668,0.00248442259912829,0.0493529497150926,-0.0794383304466324,0.0755619195124566,0.102328438349657,-0.101743096318017,0.0519185227044705,-0.0590515340892446,-0.0668479198070595,0.00506191901005226,0.0858974103468255,0.0448550542255606,-0.0628507368219449,-0.0911231224731206,0.0795395854475367,0.0619599027100193,-0.0517023461613251,0.035580860615541,0.0855279513287761,-0.12526597926779,0.121153545060612,-0.199927372238468,0.124466015519368,0.0139988632303327,0.12331055612709,-0.140602747581211,-0.110371076057367,-0.0214138878587171,-0.0533046873385681,0.0845301786883756,-0.0331776157763386,0.0435797681502446,-0.116104008130081,0.0968535476584249,-0.0168849293314999,0.0338521129700851,-0.000799158818292511,0.0109413522088473,0.0734643533137689,-0.0606335349834612,-0.0192976963071967,0.00206408429805705,0.0707985770662152,-0.154679606942453,0.171538112375945,-0.00431298266313274,0.00876051432302738,-0.160838268683175,-0.0180096159914713,0.0426452278575487,-0.0765821037471572,-0.0896662145748,-0.006183796645439,-0.0688599751037691,0.0471188437972025,0.10601962800023,-0.056817077207544,0.112666455057641,0.0822474004954434,0.0285817118796317,0.10067488898923,0.0717500225949768,0.0383142677628472,-0.088623845130126,-0.0564460923342276,0.0745975081322041,-0.0896239942446337,-0.0570536182632875,0.139604130710601,-0.114396972623354,-0.159470250872127,-0.0922663561526536,0.0506302783731889,0.0882875091824049,-0.0448551106037307,0.0044190383485081,0.0363459406288524,-0.262568211824319,0.013313359861177,-0.0721209081165997,0.030299574202352,0.00309844304446827,-0.0268396633810259,0.0461969422957305,0.0249479363154363,-0.0828879153710274,-0.0539446334147371,-0.0607749583466561,-0.128866547769602,0.183314799686078,0.0110591199865882,0.00829174499710694,0.0695475624957953,0.0462841370873794,-0.0402286458442536,-0.0742957185440813,-0.0677945559262274,0.130767687397052,0.0237094445312489,0.0515997793325207,0.0481004499602611,-0.0132211856194981,0.103091136659761,0.0937965511136847,0.123080830261843,0.0343727433732521,-0.156432825361109,-0.0184788348942329,0.106698382751642,-0.120739634735227,0.0429390879746288,-0.0972980772675891,0.0304613435163359,0.0929317627824009,0.0802545818777198,0.0491249505716385,0.114886665865815,-0.0331407171181319,0.00999136188037797,-0.211072588537787,-0.0481472864108468,-0.0186378906689568,0.00811925185012674,-0.00127968045157356,0.104983081264095,0.0327198042986476,0.17417972837913,-0.0124905653607259,-0.0367731377249987,-0.162655637545707,0.0101982659177957,0.077092038292927,0.0275099635854188,0.0671724982850703,0.0110131950665995,-0.00557649407877259,0.134319346061597,0.0294772418047367,0.06912040503725,0.0722299965822124,0.0415875569999986,0.0162495925328412,-0.0666651844533623,-0.0397566618840823,0.050475308719121,0.0312452366119493,-0.115361648220165,-0.0597794819315181,-0.127880335438284,-0.0393704578409899,0.0282539584273311,-0.0265639238457993,-0.164108289742777,-0.0654584564332259,-0.136155099380527,0.112660430457803,-0.195116191075235,-0.110500591428728,0.105596658188701,0.0188323852887073,-0.0109208994077075,0.0290596552394127,-0.080507584805674,0.0610137312061982,0.0919585989682263,-0.00471593764647427,0.101926789039514,0.0405409081958765,-0.118824932489862,-0.0352301594803763,0.031916723505355,0.0736379400395255,0.0840403054918064,0.0699624031439166,-0.0737645278134194,-0.0827816620178767,0.00991225367187987,0.0964370573550217,0.191110083217087,-0.111817714826711,0.0214446982824033,-0.0407231134405568,0.116321939719866,-0.0661729430212521,0.0294184220959104,0.0574667825185524,0.0453517491342872,-0.0529550989687042,-0.121731580549238,-0.00567054121435806,-0.215033503273532,0.0794069605581811,0.0526129878106418,0.0309074650793961,0.0171748275387733,-0.0431988164362069,-0.00221243314799846,0.0347764117220726,-0.0524936891566918,0.0933918874768374,0.152285497247175,-0.150559658601023,-0.0791885856269823,0.0132574487633519,-0.0941516158895515,-0.0594092044149992,0.000601760743693891,-0.0462346018856787,-0.0184795695092799,-0.037651764863333,0.0132605134362414,0.0824745006597591,-0.0690388934833148,-0.00861821722831468,0.0970579331229575,-0.00201864299222088,-0.0143229795201787,0.151528729570496,0.1211688605621,-0.143953666610328,0.0829736302552022,-0.0594279980221266,-0.00820301481731089,0.0699277819552657,0.0906740829769994,0.0817548363066676,0.037014395058232,0.0375158589620757,-0.0941526026019992,0.0858110311182521,-0.0847036825521394,0.0317207920867313,0.0538375092611918,-0.0331947991258965,0.00267240160671789,-0.000574870887926071,-0.0401383295095226,-0.0874132620837011,0.0527629605853071,0.0149231975208264,0.0972155176182836,0.0520899443353335,0.15381386241684,-0.155832632369102,0.031334563206598,-0.0214804379375075,0.0367229608372603,0.0606981060812641,-0.0515108953164107,-0.00413876895426979,0.0122782826025387,0.0366904094432969,-0.0235469844873615,0.0141170392906909,-0.0523172440278978,0.193766970620745,0.00564672786690412,-0.0397979948091081,-0.173498335769652,-0.018578147417105,0.0991296597111386,-0.0855319173981766,-0.00675295812347354,-0.070021610897367,-0.0394638272549654,0.0287257985459406,-0.147107339859677,-0.0529118002094489,0.132283516372533,0.10703888295373,-0.053596199640813,-0.184754943348703,0.00733726685769143,0.0589423001564664,-0.104170811866817,-0.186160081122253,0.132767211826389,-0.0460908941984903,-0.117401265531717,0.0679749063922221,-0.0665402074714843,-0.0703853643908481,-0.110066753513352,-0.0615483321475643,0.119740012824121,-0.10441433706201,0.0621462014788672,0.0617029087277374,-0.0451615088552932,0.0535411907725651,-0.00127755154475961,0.0331645039415349,-0.0621179130368477,0.00191436147813095,0.0457435450626227,0.0802950083932079,-0.1455920915121,0.0635354391642315,0.145580593771231,0.106788784310549,0.073634525410706,-0.0353973213724843,-0.0286707439131693,0.030660779424176,-0.027291142291801,0.092032608560827,-0.0669539199277267,-0.0514564709306971,-0.046419678925802,0.0511753226791667,-0.212122103136227,0.0970767714262246,0.0136877172666425,0.0392381826714909,0.0596319828917435,-0.0513867268145107,0.138395352036523,-0.0206519274572763,0.113966302697427,-0.063330110031806,0.192993360793922,0.0759362460003379,0.169033332591888,-0.11858507265883,-0.0139615420444246,0.14598248186436,0.0383736627011322,0.0509605996619378,0.00384616741996302,-0.00633162657639064,0.000390487209028567,0.0488993573436813,0.055645166265454,0.0354426291135335,0.175443366865548,0.0255884220857179,-0.0895922019304085,-0.0899289661689253,0.0140816287227308,0.0354277311363309,0.188063916923638,-0.0528219726661803,0.136594324675696,0.0337061874461304,-0.11977256949103,0.129465346518676,-0.00681044138163545,-0.0897385414856959,0.0805358929902369,-0.191380542018392,0.129519713952759,0.0920819685279346,0.000831457443124295,0.0518102598710597,0.0438299926369297,-0.0126004128825166,-0.164284275331766,-0.0278619863638081,0.0123835086535116,0.00421132266030866,-0.08205699769732,0.0313365215624182,-0.150254494369331,-0.00993512492412751,-0.0296752879859357,-0.0616513611398064,-0.0361726653654459,-0.125061803333447,-0.0216203071259056,0.0537759275759579,-0.162857503706472,-0.0510073053521083,-0.0638652614772566,-0.16844281543357,-0.0132306887987985,0.0562755185624098,-0.0709029833321937,-0.0112897042588718,0.0499483809993175,-0.190772538337508,-0.0476838246544178,0.0280081398804342,0.00812508241121046,0.224135522589994,-0.0092193415222015,-0.0548460298873805,0.00254699703200667,-0.0810830724314329,0.0651538235835956,-0.0815839984756117,-0.00483720190745363,-0.102859717145645,-0.105939008902095,0.157567196110009,0.0534697533712198,-0.0280601956281989,0.0202772892086789,0.101233018875734,0.116480316574901,-0.0379197368999975,-0.14974626200919,-0.114856562405413,0.20135737570216,0.00900276438564185,0.207268162358874,-0.0601252909092143,-0.084994309188029,-0.0169712341261636,-0.140157911895205,0.139186516270236,-0.0230906969358822,0.00837656189082692,-0.0667669117897898,-0.00768803654046568,0.0904108408815858,-0.0366544180165027,-0.124599762067827,-0.0139800305977493,0.116507620129495,-0.0450141948892608,-0.00113440317883207,-0.0905584380648397,-0.00209393618480735,0.109447319970804,-0.14178812870945,0.0211350218506006,-0.0369425098377683,0.160237773334781,0.0329861204185322,0.0315571857078258,0.0940725725118401,-0.0899714687891517,0.00390664821593667,-0.157836447727581,0.0261162727979198,0.143790258546014,0.0316299914540152,0.0223540471009394,-0.0878424189757676,-0.0094199955194405,-0.0304830828232125,-0.062805829655697,0.0923891512002513,0.212833841656006,0.232227186732353,0.00434476595505018,0.11231052696671,-0.00606320076265288,-0.0280130277854425,-0.0225138550550676,0.0766246601401055,0.0763365023461327,0.0119333931315495,-0.0291287823346122,0.00163412525923023,-0.0976544006816615,-0.0210838524654777,-0.135901901737409,-0.0480041587426454,-0.0534061927997755,0.00114632288074423,0.0324835368515592,-0.0333666954474641,0.131918716917664,0.0379582697220846,-0.0633954753636328,-0.110971757559002,0.100346257024818,0.0556128676376058,0.0499700944632475,0.00508061990031572,-0.103269539564987,0.0790727629043921,0.07211599312933,-0.0460670191879071,-0.118218012957022,0.0949372141751861,-0.0494486200862072,-0.154022083053908,-0.0628622106529058,0.135577522679483,0.0636690712288421,-0.11196252588386,-0.0925632244236851,0.0678121991228584,0.027498581440679,-0.0177695626159817,0.0847145916342198,-0.0680042466374311,0.0188800175360773,0.00652042294701527,-0.0638218815784199,0.00592483496276186,-0.064263422591686,-0.0319115366307261,-0.04405705062773,-0.0832672300358186,-0.0129964451030915,-0.0524864274537276,0.0347157128065925,0.03571213261701,-0.040237998523585,0.00819297939690866,-0.00635076016597358,0.235236106861355,-0.0313768834682562,0.0172886097333598,-0.129164135465813,-0.0527242687659428,0.102823910665426,-0.117177537782529,-0.011929592892999,0.100744147465226,-0.133798649096112,-0.0820003774621942,0.0381757018571158,-0.109977965167726,-0.0208428518206443,-0.065127166934372,-0.0927635685124599,-0.091469681432923,0.14054906696558,0.0892947189347946,0.0851124034831368,0.00111226259050423,-0.0431770619827723,-0.000824090090918883,0.0261462329565798,-0.174546487753197,-0.0347876584816982,-0.0751673663972294,0.117665565053827,0.0699805393537418,-0.145533499876321,0.0884592112344675,-0.0167033036081432,-0.0164056162390889,0.12450859743122,-0.0964761612469589,0.186737521498277,-0.0710532202796177,-0.0918410449012255,0.0429818668866737,0.0363669161153026,0.120596780923383,-0.0159903754995869,0.151247460251901,-0.0666469978792148,-0.033843662461889,0.169225030050101,-0.0241730186316227,-0.0432287211222104,-0.00792556764626884,0.0660820795479047,0.0743213981342019,-0.0501619144557681,0.0521408542589417,-0.034491073684805,0.0479377590245267,-0.143910663034637,-0.110310883272369,-0.0748435692782561,-0.0492419546967318,-0.0288936423963326,-0.0328409069747515,-0.049827573924849,-0.0718245218954134,-0.0939542050968853,-0.0195226765117038,0.0219768351434899,0.0271275343352824,-0.0283095419807502,-0.146028403892973,-0.0236397804889688,-0.0856920528734975,0.0255764688239122,0.0880757034305648,-0.162591753083583,0.0760885603887291,0.0200408093129978,0.0201049828505233,-0.0862685403097339,0.0438824952117987,0.0501899171563225,0.0221388488888081,0.0958119007376967,0.0755842127714021,0.0789376351424245,0.0544404925418793,0.0796355534254984,0.103580879497,0.0233795203434133,-0.0333932610212226,-0.0376564563595227,0.021666973726179,-0.00633839644963041,0.0106638647560073,-0.0472721296277197,0.0251695129249936,-0.0340768963136302,-0.0187263820156387,0.0579065203702103,-0.00849868105507579,-0.0809576286532017,-0.0916750223587082,0.0259916177722836,-0.0994615822352611,-0.154797752488641,0.0083594981313746,-0.0826363432639234,-0.0339784751938348,-0.0454583119200458,0.158003418220129,0.0131212283760276,0.147420061289599,0.0278916466772718,-0.00368573573306907,-0.01351685931159,0.0359549031898996,0.0405337411781352,-0.100540995902458,0.0354034205196168,-0.161005973587765,-0.0814528744553087,-0.10518326774843,0.00516825103293783,-0.0566420886508086,0.00019275153502174,-0.0826248411777706,0.0463169261911605,0.0198120489626632,0.0517149281692908,-0.113407043270738,-0.0919959343705847,-0.140780199492117,-0.0624268362211415,-0.0698570914677887,0.00284901786941338,-0.00930844152302734,0.0019008145516084,0.119864281372111,0.0885120646711899,-0.0326342119917937,-0.0436241882676707,0.0479084768436624,-0.0604104315703724,-0.129589049213166,0.0505443751927381,-0.0835184761280923,-0.102424306234555,-0.0808595933448979,-0.0641947881514966,0.107535665153917,-0.046106721162019,0.0671773542860503,-0.0192512886462382,0.101661457833329,0.0286099679331744,0.0510682338077681,0.0112761310475036,0.182236745311981,0.0421879620740855,-0.121703569791982,-0.00774888749661162,-0.0388542993401333,-0.0685460585087374,0.118961613464629,0.0446324524957089,0.0357937605272527,0.0508451490444644,-0.228858932830061,-0.0544055225294748,0.0492311498600584,0.128852063347696,-0.0118827650671927,0.0867523536049246,-0.127692500662051,0.0607858727092294,-0.0442715710636086,0.034791090586112,-0.0993478412797453,-0.00475619938893956,-0.0800247252374673,-0.146404393350752,0.0629441908848385,-0.0243729753000248,-0.0946384299424858,-0.12956580634595,-0.108388454130634,0.0214064247181578,-0.0574613590546846,0.0953442447282284,-0.10851922559658,-0.0611049926786822,0.132513073151498,-0.0543746449199656,-0.216593239642365,0.0893405431345018,0.0878811654076443,-0.0617272850610897,0.135339860189758,0.00359058861038175,-0.021925530116258,0.0905705692295977,-0.0438637038925664,-0.198156871069443,0.0915135136121012,-0.0995958318595083,-0.0425633196147293,-0.125231640831236,0.0132376116001098,0.0812775532297607,-0.0256128526339747,0.00525521118631245,-0.0888208067256797,0.0595273148160902,-0.0128400020494763,-0.105961037188738,-0.155552882240509,-0.111002995440218,0.0586942926636151,0.0343702399127366,-0.130189962442001,0.0129286988276434,-0.0348909436696907,0.0361720974649744,-0.0762014129782793,0.0575045155317382,0.0342568505500391,-0.00775475002597759,-0.0509606700010492,0.078762278003343,-0.10203747282136,0.0106004641430353,0.034814580220367,-0.0235594022736114,-0.00867833967340026,-0.118283842411988,0.0718281431998278,-0.0497983339952852,-0.0106198905876198,-0.0827478501460952,-0.0703504124951904,0.0480855624879015,-0.0117827434831983,0.0246209103146995,0.104452101930114,0.0105778681689526,0.0708338557391421,-0.00941785463328682,0.096084618962176,0.0569148372112245,-0.163425127750044,-0.116203513932847,0.0410136562194539,0.0535882847277103,-0.0108181952701778,-0.101608983794027,-0.00305291956648945,0.0244182883860864,-0.0831600894415976,0.0399651711496345,0.00267493460645118,-0.0264372623363593,0.0857689991797694,0.208248123820114,0.00734522990671982,0.0029320061585798,-0.11302296353125,0.0953337307029161,-0.027228914300947,0.0637692464443609,0.00818052405134106,-0.0917376272038015,-0.108486877754124,0.0270810644992883,-0.129419194343511,-0.0492663006105705,0.0179885572079943,0.0484037060656044,-0.00707981339809205,-0.124678422232995,0.0301852191740406,0.0611242608588487,0.128262838222095,-0.0317320077408501,0.0275056004070775,0.0805881901248282,0.021666544230754,0.00245080616590831,-0.086518896798804,-0.0452215109035157,0.0431221370153563,0.0950456059919547,-0.13216966250419,-0.0351767388076354,-0.0425906997267242,0.066068507960666,-0.0106549060450232,0.213799892304269,0.175184457062958,-0.00323611089895426,-0.0302538947160449,0.00702222440056377,0.203061663939078,-0.0545478322317887,0.00687860600364631,-0.0245573176520808,0.100879809227076,-0.0749210880620912,0.0794729121901532,-0.0954699320296077,-0.00908102392440613,-0.00622092442500533,0.0770050818445356,-0.0300354113291093,0.0136778436421519,0.0405272144347661,-0.00492514311101555,-0.0710769725493581,-0.0171221270661706,0.0995316330008491,0.161066764791766,-0.00065448300777371,0.14909421539043,-0.046542875329239,0.0499114361679893,0.0735681971525319,-0.0309239576332452,-0.136063100780626,-0.00998045686634441,-0.0278651258530598,-0.0425483827743336,0.00724376496850732,0.0381830491180295,-0.0867750169527848,-0.0460751659963616,-0.112421314734444,-0.0899032165585103,-0.123586428905652,-0.0423896321727426,0.0882552846517193,0.0209283205977793,0.0486473131395762,-0.0666614154507501,0.116496562032912,-0.0449863502478145,0.0520536714093294,-0.0287384205299475,-0.00559411110921904,-0.13792596592562,0.0633699574594024,-0.100344668439803,-0.227225644690171,-0.102629504264581,0.0403710698621822,0.0980722230573015,0.0722239419906892,0.0518396363815388,-0.0461930236843497,-0.0484354115364254,0.162656601475383,0.0780202654858801,-0.055788675938703,0.0353277366386227,0.0606095179068935,0.0427703759488103,0.0236982162297825,0.0214501096950368,0.0169952384750793,-0.0266972071427185,-0.109632131030903,-0.0796288353719268,0.0354193100073283,0.0507431654005446,0.0713233874510419,-0.0127606387387758,-0.184982998958789,-0.0337950810012337,0.0321421080736921,0.0038960757055222,0.222621011303261,-0.160307972652982,0.0240434610212863,0.102611277395196,0.0511890748300561,-0.0707010102575603,0.0161690564177266,0.015084887119964,-0.0109316265283397,0.0502294035396154,0.258912501968479,-0.0134155860323353,0.0148128520474984,0.0644131438539186,-0.0261303112329472,-0.0146406144484827,0.182447808636162,0.0659308783960388,0.00632195539321279,0.16246372110161,0.0967881575775136,-0.104065031992765,0.167008352934983,-0.063092289074719,0.0100259213494622,0.0699149766976219,0.225740411140306,-0.0466555277356839,-0.0333563007757434,-0.0324406849638215,0.110244254045073,0.0877373143596127,0.0538962107918133,0.0883066236081393,0.044452574922945,0.0657146066547694,0.0660773084421264,0.0148301047953372,0.0239611125186177,-0.170101112176852,-0.0434637710418064,-0.0422434654763522,-0.0262657300746483,-0.0156506433303907,-0.179291362171169,0.0475314670403497,0.0125602743766664,-0.0199925465776767,-0.102143687907436,-0.0598183746067096,0.0239111223446045,0.087737380011033,-0.0727122299134959,-0.0109886242031494,-0.0326645919343251,-0.192093062385393,-0.11899428972523,-0.0123320816503334,0.00610952983668289,-0.00195708440562292,0.00816648371458051,0.0613786838145369,0.0580108819993614,-0.0276504765277523,-0.0197243768916113,0.0917163775216965,-0.021909821826692,0.134166187465871,-0.047747270735063,-0.0809448937733315,0.170421991231165,-0.13281417575356,-0.0478302578526391,0.0107003303804385,0.128874065897085,-0.000591732221351116,0.0420280819731889,-0.0513202218663045,-0.0945089473762,-0.00751299548506479,0.0208092340055246,-0.0351293945574445,0.080199310668654,0.0540611297343125,0.0911826297209835,-0.216485183842454,0.143126850390298,0.0398960113075542,-0.0426153785712975,-0.0812788410777476,0.000625752587215977,-0.150143448593921,-0.0617186809447667,0.00937452591006371,-0.0267817763252736,-0.0272587306522629,-0.069620506038115,0.13308403160659,0.000432098501664147,0.0236746577593869,-0.0188074832629894,-0.163689511705225,-0.0792283886501108,0.148140972806786,-0.00423904817933174,-0.0240349611562474,-0.0502449536519478,0.0292332984620285,0.0719372307569111,-0.0161473555454497,0.140114036629524,-0.0226340022259386,-0.0710189692337542,-0.0248707489697653,-0.043513996129525,0.0240901799174917,-0.0928716013847279,0.0507609402113705,0.0780579360947751,-0.0167231125151237,0.000206985424445971,-0.0058947195789143,-0.0998750752882214,0.0385094442185632,-0.0580879509941603,-0.0411339345047428,-0.0922303431274489,-0.0436536867454214,0.0278139665309765,0.134715915088952,-0.0594560790733172,-0.0508774168506334,-0.157135528493893,0.042229787775107,0.143998885970534,0.0472683917776122,0.234863940979259,-0.161000133037795,0.0213974248835003,0.0750833727692477,0.0359706294659707,0.115102635334555,-0.0813383411076316,-0.0467915188989556,-0.038220224487767,-0.139848486955017,0.0253766753151103,-0.091394756719374,-0.0510376388477942,0.0113038425800569,-0.0728638481875503,-0.0226650539079425,-0.120411142468895,-0.0268323929534984,0.0410761036404113,-0.06569227391845,0.0540584164283819,0.141878484256272,0.026056284564973,-0.0612487134921853,0.145176009422123,0.109691776571528,0.0622141828542282,0.134353179861693,-0.00495798509882128,-0.00482384562771099,0.0358949949758343,0.102446542103957,-0.0643383105849797,0.0733199085325309,-0.145741937442859,0.0592220448689402,-0.0139165692011622,0.00392762202423036,-0.0849185063056623,0.0481000721759606,-0.0152628907032533,0.0978526665886399,0.06035919028667,0.0713378241365246,0.11194312371524,-0.0554731301971807,0.0416206999808859,0.157023361362513,-0.105830415563223,-0.10255634956409,0.0486942118236671,0.00757048920414061,0.0259818468754804,-0.0766863714300907,0.0890224084139564,0.0755382953741162,0.126488183559232,-0.0973247291540229,0.189214394082752,-0.0282533486948369,0.0215946347923301,0.0191443250461858,0.0468749963805284,-0.0486687527344252,-0.0468111828694502,-0.00216034459941206,0.00531038018596797,0.0352795404197324,0.00402772710466359,-0.184663834103986,-0.0930662876859523,0.0479883328579844,0.0619587953222016,0.134825332584501,-0.0680796997634818,-0.0120328045649107,-0.10798589356619,-0.00621257208486092,-0.213143809072317,0.0262632500815276,0.0161239450005937,-0.0416568316922268,-0.0374966590759165,-0.122141268025532,0.00955782784407333,-0.0298160057873975,0.0294835831046838,0.125084027344783,-0.0187730888719315,-0.0817037756179362,0.0435637920654171,0.0352836640025795,0.000955058462301261,-0.0055422241880283,-0.0436037024643743,0.0455537020491421,0.112171956640088,0.11202857527304,0.05000689680781,0.0101821056499041,0.0377412602148137,0.0584433109711529,-0.0227516268547281,0.0634916235117262,0.0465143215732269,0.0390616173491192,0.0535469075768666,-0.00570299961778442,0.0540122509735532,0.0575092112732749,-0.062589201705161,-0.0135085828957062,-0.0594336077380397,0.0176763771081898,0.0373941596640126,0.156975126402221,0.0966387688815165,-0.116193032340773,0.172455074947264,0.145459292531444,-0.0314790579251563,0.0921425695031439,-0.0367631065737672,-0.0116839987873103,-0.150791114418936,0.0309139118112902,0.165420822075726,-0.0101824930087213,-0.101408741263094,-0.0900973661770132,0.0189195947956118,0.145117246208982,-0.0116078398496002,0.0695011914993586,-0.0143345218650097,-0.118124752517616,0.0657981111500341,0.131892193254373,-0.188177445273792,0.104271508777789,0.0792707127734291,-0.0798492194215807,-0.0195575950536151,-0.0414289522105804,-0.0710611758571011,-0.0222807822944615,-0.0289295799251783,-0.196480209987495,0.048017218100217,-0.1049421751587,0.0554752137173378,0.137267930561413,-0.151556790928799,-0.0661220799473208,-0.0671386099746005,-0.0368991981119349,-0.139747412773866,0.0616665436254207,-0.0190541076565069,0.0130377807079871,-0.0764896569511873,0.0641070817964966,0.0756019391968139,0.0487847687013983,0.0438214962280217,0.0221403008987304,0.114007961550919,-0.0385635309975974,-0.0876161725257907,-0.0521162974794231,-0.0357538295848672,0.107199951544757,-0.0454204639202116,-0.0162833077588456,-0.0342443879165897,0.137515719121344,-0.0269004875676075,0.0374032093167094,-0.0305566340586756,0.0539096760828701,-0.00789503253767876,0.0348483248980755,0.0493263823641874,0.022618864070175,-0.064402062473758,-0.0538672384837175,0.0189660928310809,0.179212396729975,-0.051637033462903,-0.169121333048914,-0.132033395892817,-0.0662410139227605,-0.0730788021585069,-0.145540869298809,-0.0987093590583807,-0.0363400117121824,-0.0964213774258313,0.049461656416063,0.0245990278683392,0.0358193081568299,0.054696388846863,0.0277655825224827,-0.0295122625800746,0.0156680011682004,0.0379375258409764,0.150120430346759,-0.0098701380256041,-0.0748895733242936,-0.18531074351624,-0.0923717318944552,-0.0844294294908905,0.0092941896315204,-0.167886099812603,-0.14484510379698,-0.0428069878464616,-0.0165039357579708,0.0216249281334475,0.039424919220191,-0.126148038856464,-0.0294934806853715,-0.0913968586873057,0.037413335782253,0.0128584656715396,-0.100449108993276,-0.0092923256595272,0.0668913135232851,0.0644386577913014,0.101576172492962,-0.0543668635438208,-0.0588485795885729,-0.0266917123973807,-0.0252901212152574,-0.0552427681329339,0.0272226647382445,0.00493829580861438,-0.0994036599849242,0.173471677957469,-0.0500722908601952,-0.0209695506189238,-0.0809483782985181,0.101782561817904,-0.0714957004000483,0.000380325104863966,0.0306014939993058,-0.0672538579677058,0.0501909789979873,0.0336114207407974,0.153137018033632,-0.0222237939985561,-0.0336853757272042,0.0152327213107615,-0.0407850296179446,0.108838409018134,0.00731995936590968,0.0749205727924687,0.0260915148205378,0.0358112494004095,-0.0131833829763539,0.0552791430105704,0.0826174444067878,0.0206184495470068,0.180239183552874,-0.0923598978994935,-0.0320965268692532,-0.0622868629860349,0.0508234560549887,-0.0297808912368094,0.128897266427503,-0.0499970565702785,-0.044921582677238,0.0263522386997934,-0.0772301021882962,-0.0459481814174132,-0.0259609723079111,-0.047985376583056,-0.0434612889789125,0.0525011886646207,0.0980883389499518,-0.192485627811684,-0.0919388119010947,0.103271239695874,-0.104266218770285,-0.143830732243472,-0.0501550754969822,0.12859337145898,0.0600407217472128,0.0146835707182378,0.0782572898265221,-0.000420992013075328,0.0636154170822496,0.132015116025703,0.0292757821797101,-0.0406107490322039,-0.0571777051105098,0.0304804161585901,-0.0341566155541968,-0.0824486707438874,0.165240836117847,0.00912407295024087,-0.165447762625734,-0.111157682988683,0.140461614520691,-0.13759190061984,0.0287629776163008,-0.0511463893641064,0.0828744902538534,-0.0023503808487666,0.0507735521220529,-0.0216855909473557,-0.022486632443333,-0.0211278043758618,0.18777231607722,0.00182730129036845,-0.00705401665160998,-0.00934547776979233,-0.0244919101983054,-0.120337447903585,-0.134257672747632,0.0652927271593229,-0.00428186893560323,-0.0278168310747029,-0.0842976655764143,-0.0563198894210046,0.020119592691946,-0.0380706604797556,0.0742466995299909,-0.0693077319546092,0.132340982026526,-0.0378955940741443,-0.0550555045654164,-0.0790311144733389,-0.0275213078074117,-0.0277566573846766,0.00318093082994819,0.00500990539040691,-0.0999899347278506,0.0130005919054081,0.00142405364165965,0.102847703721806,0.0596711574665065,0.0777157581553289,0.00620629732499323,-0.0185648941378886,0.0298454815585472,-0.129715743355058,-0.0481125534654034,0.0429962715942152,-0.171522157419072,-0.0729421063646418,0.0385635673493372,0.00875495843736673,-0.0109536408232991,-0.0285760218091893,-0.0618649924487045,0.0560740359337601,0.0180846146192715,-0.0435334450379026,-0.0540894920416513,0.134936753574049,-0.0529359712253061,-0.013927199204764,-0.0501942609949073,0.0856485318368665,0.0282280165942408,-0.146487056369873,0.121226968555896,0.0500372117650829,0.186672455999616,0.00509000598022569,-0.114761203027448,-0.0246857062409878,-0.0300853380661339,-0.0105720540705119,-0.0692813604925382,0.158400570813706,-0.0585565892511051,-0.0602192452226955,-0.0554202004840887,-0.0254770363823478,0.0744643892049024,0.0812237623841012,-0.136057508104075,0.00883614854588921,-0.0369191968367284,0.10970152943535,0.0168220916023367,0.0155424327778579,0.0232224031353852,-0.093243061133629,-0.00743987302888227,0.0902661939924239,0.00738430205203144,0.00293709555888655,0.121536875473466,0.0699980976197172,0.126031991083126,-0.176639998070544,0.0452379534473806,-0.085013790080084,-0.0457471590232776,0.00379592449487087,-0.00728372695958956,-0.0123372389236356,0.183628078040147,-0.158007754183322,0.0318182755114789,-0.12251438077833,0.00285505388191987,-0.135928475129589,-0.0809551279641241,-0.0445907299680686,0.0115039730500635,-0.041241765168011,0.16624236329946,-0.0712771392382034,0.0142969734970047,-0.0860418693755634,-0.0853337183370657,0.0585462965356445,-0.0849313223427108,-0.0746045558685604,-0.0393033111243035,0.0828841111274752,-0.0644090226760174,-0.0833995606904088,0.0369032946725385,0.0882426514356929,0.00790880456199106,0.00242358817195809,0.0024797226037423,-0.108591217591153,0.0843171249115118,0.0596073046318146,0.0208766924488153,-0.0534400334784193,0.101833847756301,0.174228009280175,-0.11498619311192,-0.0407701478106084,-0.0992571103252882,-0.0134211953348213,-0.0218864439272721,-0.128719468298647,0.0519348167423535,-0.114289572894963,-0.0361018093931658,-0.0730413482850856,0.0303137159902132,-0.0542951779373655,-0.0891543296845305,0.146763517714565,-0.115997987817629,-0.00105061668311501,0.0762123488865938,-0.0431493194281729,-0.103475243869632,0.0326125918410047,0.108805373253022,0.0865370149665994,0.179354031705498,-0.052807184156721,0.0708564690510398,-0.154643313196555,0.0441990647325072,0.0225743966487744,0.0612819812542713,0.00548379949334388,0.0504705549306117,-0.0190854575809474,-0.0527072372453237,0.0442868537278709,0.0129529148197713,-0.102893552726276,0.0942373904604827,0.0445512140792121,-0.0618424802780719,-0.141667568085325,-0.128480410624201,-0.137933509430079,0.0232563298951691,0.0495771814553025,0.0669651880654731,-0.113328540761705,-0.00233329476680222,0.0811623015404233,0.0729629031768744,0.0556041873672868,-0.00602732665618744,0.293024040834683,0.0371669374455084,-0.14380332338273,-0.00396598511272561,0.0554770104193896,0.0164308459746445,0.283632254891895,-0.115337753485787,0.0224056501079595,-0.0757548316403014,-0.0647351409181622,-0.0618197583295355,-0.115050211066208,0.0544797199857341,-0.0811767274176454,0.0161624630640242,-0.160465096670609,0.0728617923259756,-0.024475423729291,0.0459440907162194,-0.077023010158852,-0.0613667969075058,-0.0264997180404807,-0.07965117413797,-0.00629888830738468,-0.0212692149822877,-0.165752304481614,-0.11998501624482,0.0790525466193626,-0.0693609864653317,-0.0634365040126981,0.0248989514858537,-0.101969565412459,-0.024655613379541,-0.196201085985392,-0.136729894009882,0.132353701053139,0.049534487288585,0.0394192355923375,-0.0391731817272327,0.000110332934838198,0.0804590605297015,0.138032390952513,-0.0340281378169909,0.0230163877079157,0.0253287131190434,0.0581363270661268,0.148077952778054,-0.15501347983758,-0.0983796411916993,0.0435946674785286,0.0958513490181003,0.13458711781768,-0.0650459779484525,0.00481241186396297,-0.118744842989434,0.0539663621845425,-0.0760934287179516,-0.0805388625877228,-0.00355390249679166,0.0341991241890582,-0.0571012754293347,0.0265620918154728,-0.062736732866258,-0.121007459318575,-0.0291710371261047,0.119722242104081,-0.0213954163024601,0.0126089154547144,0.13061293088888,0.104003664727185,0.0440013701461082,0.00496432000601077,0.0902447626135039,0.0810146479513303,-0.0245065267162632,0.0468565422997129,-0.0520779659196458,-0.0821198588349752,0.122192487800891,-0.152750998369011,-0.0948018619498612,0.0481327126287621,-0.123245574432086,-0.0378006143656768,-0.0290238535122151,0.154409776658089,0.0530056689224652,-0.0596654265897878,0.0870720131651985,-0.0597721656527073,-0.138286518804772,-0.0194137215962189,-0.0102621766484439,0.0586537260876943,-0.0298896537426234,-0.0404621750573884,-0.12478867346158,-0.0492232715903089,-0.0343614332668483,-0.0326559040664192,0.165844703998887,0.0424066581515483,0.0356137357125457,0.00460234245836721,0.0844027586461391,-0.00706143549578053,-0.0584931684031655,-0.018807169908281,-0.0293097142083436,-0.0358069532036991,-0.0459609299900934,-0.127069043796944,-0.243766906411562,-0.184378029976455,0.0493758995573104,0.0458315001356948,0.0515947657964086,-0.05754444898463,0.0174701203282803,0.026549075674029,0.138392076653578,0.0830020157343725,0.117488171990636,0.0369451029423074,0.106908600311148,0.0579824804787221,0.148488269992942,-0.0547363785897286,-0.0876904509979792,-0.00544358112269006,-0.122953801077137,0.053370418633208,0.111964650364011,0.137963142233423,0.0466052162262747,0.0118472914431775,-0.139816098049974,0.010814090603068,0.0224014624823776,0.0202808724780217,0.0326282081337075,-0.156099632414723,-0.0134188730313389,-0.0140213133489402,0.0131179646422719,0.114485131055948,-0.0420298426404635,-0.00947800536624532,0.094248186466702,0.0644962621601592,-0.00775783343609993,-0.083509896098573,0.138537534849063,-0.0344643796638566,-0.038874090205808,0.0439040288075776,0.0187271776538216,-0.0600976559313375,-0.125080506834796,-0.0174965280795147,0.139675140115248,-0.0874617451007706,-0.0927146670856196,0.0498148799211351,0.0146862457875288,-0.190949440494938,-0.181128796838284,-0.0315947319004741,-0.121076749234506,-0.0896146186645668,0.107978868317957,-0.00116821698515679,-0.0342302803248984,-0.0548853432553988,-0.0751938071524698,-0.0110435060529483,-0.0231915486632914,0.033251597179367,-0.103569465117498,-0.0838986721530199,-0.0196914074704622,0.095185504546907,-0.0089853244824285,-0.0181396684607806,-0.00966584884060717,0.105826812435234,-0.00468794750016688,0.0191753285523297,0.128067070851954,0.0400296607659318,-0.0318487104734801,-0.0694362569182143,0.0223466843855527,0.0733357639743897,0.0543922517605449,-0.00889902928785347,-0.0412833895586955,0.0819058063199618,-0.123067276391757,0.0201748934906247,0.0348572447060576,-0.0581989203797204,0.0729324410294658,-0.0614795904357606,-0.124042734938308,-0.0659276053427909,-0.0613868416962484,-0.02251895802338,0.0424511033502815,-0.0886830290270866,0.00242401418224691,-0.050045118903566,-0.060434945727617,0.0844402036713858,0.0159615261362791,0.100051789311246,0.130149296099388,-0.0294712260703891,0.18100500648083,0.0496569197130041,0.1272934967925,0.052805023967994,0.0387812570234352,-0.0169104143736458,-0.0440572269974115,0.0326630037147353,0.0201472657180171,0.0998096418942591,0.0912611811950561,-0.0970789764834619,-0.169982590119113,-0.018264168071962,0.125686578115185,-0.0420396834542718,0.0558587343519394,0.0746208741894203,-0.0331343304037337,-0.017760302621304,0.0424211588897698,0.0249771038809836,0.0416179582019622,0.0864030694575815,-0.0309023672522573,-0.163336004633958,0.00307463659867779,-0.0275867132803347,0.0349049501670602,0.0248641893241315,0.0189316708052678,0.0657033617912712,-0.00988461058417434,0.0129097105081548,0.181119251581455,0.0934674357567582,-0.0438504533383517,-0.023536746636637,0.00111407129327068,-0.00214904169529628,0.0413294520080885,-0.147191114813324,-0.0351556566048798,0.0555218062850282,-0.119069993902358,-0.11019446271689,-0.0300326444630392,0.0630136079149946,0.12207235554691,-0.0837700468003368,-0.0379650957218507,0.134901282036529,-0.0340478678975984,0.0695978386508704,0.0252854207309867,0.016421703234764,0.0364948828680656,0.0912498556664274,0.00383193130767712,0.000351265253956123,-0.0606047314068858,-0.0267542916711445,-0.14730346768986,0.0158187357640416,-0.00844026835756928,-0.070748561173104,-0.0986365035040091,-0.030802711369355,0.049857212803776,-0.0637194432187131,-0.110222966101415,0.103290089646743,0.0277360389352261,0.0885303528657935,-0.127586926869467,-0.0328658333270209,0.0212718122531987,0.0562474578808361,0.00531642191161841,-0.0824398681063561,0.121549661811814,0.0841152773380407,0.0800781368885231,-0.0903627874035395,-0.131934387040279,-0.114409664999883,0.0132068875673665,-0.131718626770865,-0.115200642929878,0.00562115203784996,-0.0124453058834666,0.0544483183760558,0.0542003000199645,0.0398946288905708,-0.0734860526400576,0.101364246785706,-0.0384968410945428,-0.105536417032689,-0.0422729556294614,0.138238782489947,-0.0864397981848049,0.000972545037359662,-0.0110202933494357,-0.0851968512922698,0.0707802117454137,0.12404425976212,0.16581959955501,0.126649877636286,0.00709447421152509,-0.0106190648581128,0.0413557631139954,-0.0942343028265684,0.132804822134613,0.0196799512907384,-0.123035090045649,-0.14194451028821,-0.0329013161262868,-0.115184918109342,0.148391374501087,0.0318414488948422,-0.193086319758221,-0.0372243359882023,-0.00591225043715138,0.0581385491350135,0.0143643777938183,-0.0941091551787587,-0.0337748530252311,0.0662055736706519,0.0588271449890145,0.172294894409491,-0.0248586351500171,0.0768497191190352,-0.160653831713113,0.088329279078226,-0.0360734425465812,0.01035775482304,0.190328870119989,-0.06291302423773,0.0518738047214775,-0.121250771848026,0.253947197806696,-0.0388119600052788,-0.10828090025659,0.0374138971474758,0.0229338129533421,-0.170597438058564,0.107155322359033,-0.147023357170021,-0.0354037888123493,0.0879363158449786,0.0045534892932908,0.0559838293233854,0.00765188922779614,-0.0984051534350847,-0.0189053627849214,0.0569567610792814,0.137750669002193,-0.114461416276108,-0.0165653639395691,0.0575680317658276,-0.0410831979217599,0.0136382779982842,0.250942161890897,0.000647546103240026,-0.134099203723402,8.18050253568181e-05,-0.0112301262897887,-0.0540027321633794,-0.0320139519870608,0.0851167358498035,0.0540081973171747,-0.0063739243522325,0.0896322739745588,0.0837581504513341,-0.0245872611162463,-0.0696963261583159,-0.0741730717754172,-0.0335606778736555,-0.15400814481202,-0.0834886460186217,0.0216472122125362,0.0964923610773256,0.0156856458347772,0.138314587066803,-0.000560475482055178,-0.0416916085259418,0.0427542338813205,-0.155806267095378,-0.0337783233260396,0.0627398816105151,-0.118361116355839,0.0129402154981013,-0.0936854634017843,0.0572671694256897,-0.0583188670076726,-0.0979785830082953,0.0710423648527971,0.0219321729291941,-0.0798578239257592,0.0498046356104096,0.0952431475705733,0.0462809261109802,0.00972121948349058,-0.0430393963737785,-0.0430560484076561,-0.00113654636905913,-0.181187865563692,0.0908498252403689,-0.226754443855774,-0.0355233259618326,-0.152632884604553,-0.0329138224605123,0.0235102259852598,0.0535851672577583,-0.108316711317328,-0.12033794323102,0.00352641940654119,-0.019991606363837,0.0270676490167812,0.0401767019170847,-0.00320120493198317,0.0375736592966411,-0.00916407544051356,0.115636583725793,0.010935026239292,0.136196363950342,0.0550502681553251,0.183278832560327,-0.00222829129225843,-0.0440456645791238,0.233190202408219,-0.0147433428978081,0.0283117395676402,-0.103395104941858,0.0124340068822126,-0.0767115742523927,-0.030142476459377,0.0162515388830449,0.0123094344232482,0.111824358866668,-0.106225330353437,-0.0195360671142244,0.0432309269917144,0.0252686127029029,0.0384210779256664,-0.0185213234440313,-0.0696350299177482,0.0027639106438726,-0.038445009709259,0.0954545958724178,-0.0549220867732321,0.19566897184005,0.0884892735504459,0.164332102378962,-0.0454395751553269,0.0771549325547909,-0.0978006802881355,-0.170568756245763,0.08390396347836,-0.0797329217007343,0.033080169535824,-0.158361671657981,0.0494030075584728,0.0355878976014121,-0.0724322382080462,-0.0174268688642258,0.0552860983996872,0.00750702257451885,0.0233215609086639,-0.063678900028914,-0.0931506929050747,0.0176972968112326,-0.0747404570793817,-0.109040596730429,0.0849585383185678,0.0554684433963668,-0.0261830865786119,0.0494940385892013,0.0445785019085274,0.0631997333468242,-0.0420625849574479,0.133257605434869,-0.181699276850092,0.0047422733711513,-0.0608547538835018,0.0569169557351228,0.0559976363041195,0.0278298328481819,0.0744834248550941,0.0176545155722418,-0.20075826057839,0.0516300661940701,0.13472542707448,0.029334782534262,0.0907941788458499,-0.0200231247834988,-0.0587428324920172,-0.0191878505258494,0.177885243646988,0.00768130800317213,0.0581123567497379,0.166700306997148,-0.194487772399978,0.0455824441169002,-0.058369340353714,-0.167312667281599,-0.0780037165292486,0.0983542835242961,0.0539852355206838,-0.147502993053474,-0.0581901418053619,0.0244322971072577,-0.0229155897528153,-0.0514249358093259,0.108897155294052,0.0582706883062427,0.0383394995093984,-0.0685555029286844,-0.0315684613173941,-0.0208653633464664,0.0128095934487638,-0.0551269302795632,-0.0024230725201253,0.0211879497026806,0.0486113595072872,-0.0100715394925577,-0.013423032807506,0.0402050375511889,-0.13516567315852,0.0881950790414172,-0.147805683167665,-0.114928299340844,0.113539700855947,0.0580809424100917,0.0233298865759906,0.161532060918756,0.00866999673626756,0.0339242162066145,-0.103540282201168,0.0610522060163121,0.166423201814168,0.0222750854412386,-0.0692848441629499,-0.121428140247075,0.0731372899334573,-0.0082808000837602,-0.172874972556799,0.0286759377911658,0.125774199168437,-0.0231469268160849,0.0188656740918076,-0.106434504342696,0.0219281879083892,0.150791643034421,-0.154634421475428,-0.113788684848512,-0.054379818638731,0.0217566904290629,-0.130404029935922,-0.0239396350609091,-0.0010858703248684,0.101392880797242,-0.0772089925138681,-0.00542684243505143,-0.0848322226680733,-0.0859458487464364,-0.100338646398002,0.124124337643486,0.020616300768219,0.0230505093005704,-0.064686641218719,0.0996917048057677,-0.0985267899667361,0.0307089314693925,0.025809296886063,0.220372627915669,0.0737138622556175,0.0388680780096586,0.154126778058504,0.0269722060718536,0.044900839189846,-0.00337896103716773,-0.125533156809994,-0.104056811908666,0.0307331909744279,-0.166726240395618,-0.255655566447332,-0.118811840093233,0.0614266150633485,0.053924719400035,0.016209268107557,-0.0451199238459301,0.0404727351734515,-0.142986448673782,-0.0455362752817599,-0.0253045256194921,0.0131859748562546,-0.0401785359909548,-0.0433890910553059,0.055470100119644,0.0862796507098873,-0.102503982309866,-0.0979796436696816,0.020161989351283,-0.0375012685777949,-0.0774046497470877,0.160136148717202,-0.0449409364172411,-0.0460805283842065,0.131138991977682,0.024421208164247,0.0182808542770736,0.016450631126163,0.023581869574572,0.0568128080155759,0.0334809285159665,0.0484374712757134,0.00658452301528989,0.0100162764420417,0.103242321817025,-0.0308552377433475,-0.0893543903922103,-0.0318071783677203,0.0693959406826579,0.0574990294822997,-0.00571725312609184,-0.0369244986552379,-0.146341614534562,0.043287833390417,-0.0377953427486672,0.13300097985069,0.0704162697867583,0.0518894334602269,0.0600682793467757,-0.0619014037922772,-0.00120643485306893,0.00878292031893113,0.0544259246218193,0.0381419817868724,-0.0665159058143878,-0.200151927220764,-0.00327522929912005,-0.00810486757860884,-0.0282186375693811,0.0443342326968565,-0.0986473144584252,-0.00698462165007463,-0.0882649684836432,0.0391820742304445,-0.00990627869743665,-0.0866024032977113,0.15602665910397,0.000284961049699772,-0.115988085616011,-0.0368199521807688,-0.02521905997135,0.0643456863615255,-0.0603229786642929,0.0506763260424317,-0.0210211326036829,0.0826794236588166,-0.00828917668795448,0.090178982079568,0.101086049280328,0.0980011663476881,-0.0792227778529284,0.10447228274321,0.00498955432976134,0.0131898296205661,0.0542915742000842,0.0182968657487237,0.0375553414340719,-0.0350706750070788,0.0626330367111816,0.133421323267334,-0.00929116569106769,0.0501491746374554,0.0923866676686089,0.0400218043406229,0.0690229745070805,0.00973023227938641,-0.223920323300649,0.0386364902312692,-0.0962089824857468,-0.0459398065154493,0.068911898671504,-0.0907762209430087,-0.145905445520352,0.0510723286762311,0.078116296294199,-0.194367366526572,-0.147617267836293,0.0780640419642595,-0.00330358225889871,-0.0645302859806947,0.0988757710270858,0.144593338679701,0.125564923525084,-0.0443053313026782,-0.0324209128733304,-0.172653478695551,0.0330867085305329,-0.0136274508685394,0.00660994167628459,0.00829837542562295,-0.00789885840160132,-0.00427717851680764,0.083899102749228,-0.005567476912403,0.117391173120101,0.0216376801315825,-0.0666101590572095,-0.0387833347899562,-0.0743496955589875,0.0502262683272288,0.0377155930012512,0.0663229114064381,-0.0608131433728643,-0.000556476459840027,0.00256233401906014,-0.132467272739974,-0.0211695601578628,0.12695164974214,0.0385339234905397,0.0283389782689292,-0.0736173296632563,0.059609254746203,0.0759054033128459,-0.0100867351259635,-0.100723515513127,-0.079710394882067,0.122361884945883,0.103065483194817,0.0470224735564004,-0.0953900512876924,-0.0524764207612636,0.0116770834535196,-0.0458343945430713,0.0852723536976279,0.00652045344822882,-0.0986931718095025,0.182515287138515,0.0566241799494773,-0.0274870763081085,0.024579402085505,0.0679035158218579,-0.0490795340426411,-0.0517606693271322,0.0822199518001425,-0.0665178843588654,0.00981620282125117,-0.102335495000929,-0.0170476109229858,-0.0255314581645347,0.0771993389018037,-0.101081439223251,0.059745680410709,0.0532364484888741,0.000754407835340754,0.0213896427195142,0.0130230252849106,-0.00186695860223018,0.0136973539612046,-0.0216836549821378,-0.0795860408301081,-0.131011976063867,0.110062506694046,-0.0340359290294563,-0.0317785189306292,-0.151075335862859,0.0696835204374313,-0.0161190661847694,0.0122109447330421,-0.00863805861849709,0.0633089434683984,-0.00686429834598412,-0.10607654631005,-0.00736098853891765,0.0601044065803742,-0.00137969647677805,0.0696397554421808,0.139934500737262,-0.05505976043424,-0.114933303727866,0.062949282943368,-0.134408190376812,0.0309465598246894,0.0750536313324974,-0.115061400434713,-0.175779279615541,0.00208027136129618,-0.171869807839202,-0.02016878254123,0.0880965305412242,0.0676047903322803,0.013933939819432,0.0461956152073348,-0.0174481340354999,0.0449163630691392,0.00911863512786404,-0.104752067802504,0.0164861269389909,0.0145453979779533,-0.14687081090494,0.0216406317907039,-0.0685971325115102,-0.0887704297141565,-0.0562919797443371,-0.0277274281987241,0.094508459851727,0.0464517206305399,-0.0775540017848915,0.0920976688423556,-0.01211444927167,-0.0115236437291486,-0.016365087109949,0.0680703166428005,-0.162322008053306,-0.0572705035392689,0.00926764164530258,0.0440551760974639,0.0352756978690028,-0.0880659792025651,0.130408546691418,0.00924445476283098,-0.023190879366136,0.2759351345725,-0.0853518009344079,0.0251702577050099,0.0276703301863597,0.0995833592202597,-0.0275381169580653,0.130031240366019,0.0928317639859402,0.0690400048313393,0.0661035877711429,0.087319406033572,0.0401782503943626,-0.134285230447955,0.0724154453809063,-0.0102257639048564,0.0140991170137204,0.0132179634960627,-0.0126838994784064,-0.149046938459683,0.115287169594409,0.0864126020429792,-0.0730719023008151,0.115099206181256,0.0672185039378763,0.0307625731173604,0.126092999479042,0.0747984100077259,-0.051331339389912,-0.031848301729803,0.0391126484164541,0.00277507708418079,-0.190303422704014,0.0985529060744177,-0.0737771869518276,-0.060282593321678,-0.140525162935741,0.0113888466239711,0.172389170989171,-0.0602270316359732,0.0609080171690479,0.028042101317757,-0.0458569711108079,0.0289913951713352,0.0181925104134708,-0.0956259114219709,-0.0659418590333143,-0.0283283188498711,-0.0899217538496675,-0.0876285401179162,-0.023997458457397,-0.161330653894938,-0.0570149316886734,-0.0122971687587712,-0.0346496636966993,-0.0117723330352986,0.0703625453104375,0.00566969115244276,0.0349427360386905,0.0847590840654506,-0.0678665238014982,-0.205807069798647,0.127178230126207,-0.0415604895942669,-0.147544169842175,0.0389222831068017,-0.0848123441398103,-0.0997729278031052,0.0650251283268881,-0.0172474312860857,0.0678950101186542,0.108595921060652,0.113409844444863,-0.205478819752696,-0.100018434173113,-0.0794514029300739,0.0327950067758638,0.15266924062715,0.0673470456457752,-0.0168726778811727,0.0157690284202903,-0.0673773565814635,-0.017595774188262,0.0588780778985629,-0.00144715805751172,0.0167671226117987,-0.045466409685837,-0.0389896975104258,-0.039389688743837,0.0676080778730803,0.113520338064597,0.0496990051610247,-0.0267586671548496,0.035285133429344,-0.108391439510146,0.132344724908016,-0.027316884773283,-0.0511690032374656,0.0916768507824679,0.00710045899936129,0.0888822659463016,-0.00855455326066412,0.0632385224413012,-0.0898794362645896,0.0827900485863005,0.0310108179063744,-0.0689953067091098,0.0122510647113305,-0.032583636437665,0.0424155163511069,0.0279304739096538,0.0768424476352005,-0.131311940707501,0.15243554406453,0.0190745450774163,-0.0595837247689417,0.0510630859227099,0.109968878945592,-0.178301363755311,-0.0478942447908395,-0.0708187678046741,-0.0544200722476491,0.0536502251764068,0.155197126043857,-0.063749685505829,0.0527973790084788,-0.014599438677227,-0.141138681309323,0.0359136880524584,-0.0232300741875195,0.0288118399464008,0.12553101261528,0.0265404790493458,0.122705286729001,-0.126472643784599,-0.191921103875308,-0.0928256814925388,0.00534622149526642,0.00975456874350389,-0.0378545567049233,-0.0350613266013351,0.12362222842988,0.00266212929408249,0.0378355597893858,-0.00725604574641636,0.126324011947548,0.0256092343671737,-0.0354418518941442,-0.0733690948063952,-0.0290437804279438,0.00472764033273521,-0.0648220713206671,0.0362533176414994,-0.208986154230437,0.0156120052588231,-0.000581915909535269,0.0151642405328034,0.153891586147482,-0.0677820940464455,0.0739393372430335,0.141550745995013,0.00145564877997173,0.00475294943195759,0.0703372252652257,-0.0664368221178613,0.0124981992355391,-0.0863042062026462,0.0391468545119564,-0.0282389641995882,-0.0391642570982151,-0.124711543600196,-0.061160293529293,0.063254568959858,0.123202560956357,0.190211610098086,0.0133944889424813,0.00225720820997122,0.103677073498865,-0.0345453162873341,0.0383109248383646,0.0221282120558712,0.00324786925285903,0.0466306811276942,-0.0646675679650972,0.146565497537804,0.0282285402176312,0.123828397345844,0.0597330602927313,0.0167016728892588,0.020466122582905,-0.000668736359364708,-0.0329339063570702,0.128349605973578,-0.0565592827965538,-0.079385766534755,-0.00677241938403661,0.0219266852068318,0.044820548052386,-0.0383295110506445,0.0816989685757379,0.0822648034872726,0.00569872479380495,-0.0978863450030127,-0.120336855014425,0.0854546725573693,0.0680905588422507,-0.0242242727372632,0.190842461023195,0.0170048895067412,0.0378911116018257,0.000783035645440577,-0.0362428170899038,0.0146603844067039,-0.0302183045686442,-0.0209928133821888,-0.109315745267998,-0.116255276809668,-0.0216332966445898,-0.0351355635774446,0.167615938800961,-0.187208849677893,-0.00897164523433913,0.088410885886395,-0.024008972559594,-0.0422752931011887,0.127800335380876,0.0876860304970739,0.0766181249864886,0.0681881183055917,-0.0397833250019093,0.0320381404817773,0.0278107292348642,-0.0593887181961037,0.018159872916568,-0.136138547762397,-0.0977643511887143,0.055948483485754,-0.0789783240658863,-0.156718314235633,-0.0419636915846553,0.00141932354782393,0.136802781320844,-0.103424008158933,-0.112101523149982,-0.0712519153776343,-0.00335263683955223,-0.221816243481392,0.0576487564174353,-0.101942298723838,-0.0263971922253896,0.0180029210186645,0.0836104376665996,-0.167466021480837,0.0606103442033303,-0.0137214711891795,0.0758514445100473,0.0540777348145509,-0.125360774619089,-0.00848179910178626,0.108944723910586,-0.0410668688495113,-0.0126349827560501,0.122450305352287,-0.109263204037696,-0.0523893466667427,0.0841338131190517,0.0181998550050513,0.168365323132277,0.0738067953788959,-0.00730268039791149,0.01347316023889,-0.0169121949989637,-0.0147813816607552,-0.107006081133838,0.027453780041665,0.0675078081012763,0.0268786032770074,0.0464494027976501,0.14442501195426,0.137745623112934,-0.0431788041277006,-0.0731414601787641,-0.0199764378134279,0.182346265664814,0.150472367431778,0.0784328180679768,-0.170025520073051,-0.0230241531651911,0.151687585721986,-0.0204491219399925,0.0143569360154603,-0.0312974191953632,-0.0375518384693221,0.0395221845880762,-0.11608590618401,-0.0934213680910077,0.147710036243662,-0.0189038209184429,0.000614435155711801,0.0685444553458896,0.0443828900653014,0.025309249104295,-0.103990134491593,-0.136788024463806,0.0889770795831311,-0.0357198276477915,-0.0579798921997821,-0.0449394280590227,0.188840308889637,-0.0787164193583818,-0.00880055817174252,-0.0882610495775107,-0.0216896665431934,-0.0205899599873947,0.0301936222194705,0.0990381430762062,-0.0824406147425476,-0.0571606495094166,-0.0319570340705537,-0.11550086862238,-0.0721851507844735,-0.116678764629996,-0.0267204480863752,-0.120402608498718,0.103117819645861,-0.147701881093,-0.0985664914876399,0.00677404658190195,-0.0486654709654131,0.115139132139944,-0.0794504656552775,0.0712260988775246,-0.0900929360806098,0.17530518543233,-0.0305967080005805,-0.0142527071247023,0.0979730188007502,0.0158144320747362,0.10762835230211,-0.00305728005939976,-0.000807382365227038,-0.0980526887514221,0.0960682145435914,-0.132305678416865,-0.0899094929546909,-0.0398075224516519,0.0225975616418097,0.0728146966763137,0.143581068916266,0.0255321068257057,-0.0237518210552463,-0.0191395000906454,0.011902592063302,-0.0765026213305924,0.164610241596292,-0.0346819298906866,0.0254382728454454,0.0238193945048311,0.0863302629552805,0.0190867212457557,-0.00772429775563532,0.00663077589532746,0.0859969096840834,0.0266602947394596,0.0150131344858524,-0.120721861931508,0.0362391630019772,0.0182554166723048,-0.0183100643696013,-0.0172520523487587,-0.00906663589523582,-0.0452110728818318,0.11612814178851,0.171615367811598,0.0066986707250507,-0.00393451333685357,0.0169668969718013,-0.0167823308609902,0.192728609958916,0.0419237495819671,0.0526103839662797,0.0231564285472188,-0.00728402616389889,-0.125068908712175,0.0666539644265334,0.0378940567288413,0.109308492421913,0.0659863387525572,0.0558518065939912,-0.0287062108189642,-0.0579682128375749,-0.0664024546578341,-0.0616130426453569,-0.0159808926189386,-0.0841327485555992,-0.0188273591426622,-0.0496819265706905,0.143701527004765,-0.0208030474641459,-0.0421882633041375,0.0434291645736626,0.0017846303926885,-0.0452306643643334,0.0520438525115929,-0.0313554821389959,-0.0140720571272297,0.0983945880223551,-0.166783046678718,-0.00136946723325915,-0.0121186206700861,-0.187230840338962,0.126666563940266,0.01213567797436,0.131310405435655,0.0275039480181634,0.0806430854938665,0.203390357310987,0.0166402969966486,-0.0917973354591735,-0.0928375369763534,0.0410448517051791,0.168051452617775,0.0050937601286889,0.0212324542898517,-0.0153326839053367,-0.0129022307737099,-0.0923777245770649,-0.0709693275604626,0.0780714959015576,0.0594013384658143,0.10695322127076,-0.148977930125117,-0.133666738671357,0.0807290024359812,-0.0538851369752242,-0.0818104878815582,-0.0941609469868974,0.000649783149651029,0.0574223353818877,-0.0863679611323809,-0.0578015828875431,0.00723354506483109,0.130207120070459,0.040860677174348,-0.0512835053160448,0.0740423830902266,0.102895481003784,0.154861257489561,0.151988738603743,0.116939782926136,0.0811562766657716,0.0164967237404008,-0.0109794404463717,0.143073142686388,-0.00217141562386391,0.0457150591563324,-0.0726378957794416,-0.0265429065685847,-0.0299071627021212,-0.129259216898957,-0.0073357477814211,-0.0450103419628403,0.0981160062080577,-0.0452473988724669,-0.162948092992939,0.100701162478195,0.142292434815137,-0.114607146897028,0.103308225056576,-0.107029367495774,0.0721844444667714,-0.0684832950224781,-0.0209530784858813,-0.116681171141449,0.00318496367514731,-0.0675209277969113,0.00503250279492962,-0.023831144790456,-0.0217187649215269,-0.0832064983012408,-0.0711385673255278,0.0302425959815631,-0.00269098690922842,-0.135170989249059,0.00377902153656851,0.121670100269645,-0.119783627866942,0.025924376488313,-0.048409581254103,-0.0247393742353328,-0.0220503164280084,-0.0177194664393583,0.0846843509724504,-0.0354777552649668,-0.138993596165222,-0.176130017829921,0.0600367564566007,0.0328195106165139,0.0299164126138436,0.055046513505808,-0.0439454889046336,0.0274551818189241,0.0905993357782284,0.0922206482871748,0.0736712669448738,-0.0538656610327406,0.0798831881846263,0.00869165983144904,-0.0714300609194178,-0.0249879907383752,-0.103262705892658,-0.0994055196311425,0.0342805783242548,0.041833102841603,0.0011968511792011,5.81972049569224e-05,-0.057104969340787,-0.0680650317595206,0.0532159584469469,0.0594989511184187,-0.098482265646747,0.133832282303562,-0.0865311073425978,-0.0874361806583783,0.0225594347026132,0.102203320731731,-0.0506947149477415,-0.0501456422537498,-0.064913765823698,0.0619599564337494,0.0627407501834878,0.00465388373304965,-0.0584105127127899,-0.191304478832373,0.0724882014086736,0.0315362999694153,-0.0540087801903795,0.102856384364157,-0.027824977085769,0.12953020185159,-0.00121606341677483,-0.0611830648232736,-0.129143518734042,-0.03946814224755,0.0303682053140515,-0.00971914194283885,-0.00277086838447982,-0.037413195138174,0.111828183685913,0.0235204243599496,0.10647210969148,0.0250347296318179,-0.0730888424973686,0.057546010019871,0.0862050916143107,-0.0165760616706656,0.103902174124843,-0.0800996559816243,0.0378683384179983,-0.0431492207632105,-0.127984559652731,0.0685175554412676,-0.0342182343577457,-0.0679035900546188,0.146884620134533,-0.124745847634672,0.0367761498809394,-0.127555609626223,0.0345848344827775,0.088974417765626,0.158436548920234,-0.0537116763249994,-0.0158878604844741,-0.0258123184637302,-0.0553031202434875,-0.0845484705803159,-0.149303700750252,-8.52015731984679e-05,0.116288435849667,-0.034297159179193,0.137969289036075,0.0864267000790355,-0.038027740558086,-0.0598003511576319,-0.00390622905256821,0.0423098269605529,-0.0455264937749291,-0.0384441834332643,-0.0893629035545538,0.0162161767771882,0.0836048054842058,-0.140971674232093,-0.087054598267696,-0.162320656218249,0.0201282596870607,0.078794254850775,0.0197956650988975,0.0195926864503044,-0.0480471263165239,-0.0482153955972877,-0.0403665755029268,0.0348925598425349,0.0642953081905193,-0.282136088953608,0.0166512235372631,-0.0183919991308943,0.16680231035798,-0.0274366738670881,-0.0345952729318117,0.0850543095132126,0.0872955599272145,0.11730851744455,-0.0882340477643258,-0.0918129527171549,-0.159195774241595,0.0014468788332922,0.0228094683114226,0.0924075086809322,0.0346424848384217,-0.0787861624537936,0.0384951132530271,-0.0693798691224701,0.00601529438342507,0.0643624706496211,0.103761437550129,0.0389970537768902,0.0995730810774644,-0.107244105900917,-0.0594749054130217,0.0217316294240706,-0.0702541615862717,-0.0684600292290503,0.114383890314187,0.0771146185769882,0.0685374324618317,0.0798586950582993,-0.00202038060257914,0.0807948679935593,0.132445121071184,-0.0601344529233359,-0.0578655805297799,0.0335004994596908,-0.0400197799005761,0.0741651521986726,-0.053146721831359,-0.114786359737351,0.104882450955094,-0.0885276618698443,-0.0128646020698544,-0.052085168646935,0.0360639771452853,0.00621287676308713,-0.0298235214822284,-0.0488835585424949,0.0674976720722216,-0.087270579770486,0.0190770473735977,0.0405533638530371,-0.027938800916202,-0.0153438720377945,-0.108266547977577,-0.0871874458890156,0.0335694013318384,0.00728162042407465,-0.0580980441003627,0.0336702736410359,-0.0276643062270709,-0.0624284661200729,-0.00899276552889594,0.0575929323894986,-0.0387774649063903,-0.133284511004966,0.0762650827885261,0.0462996402965583,0.0769268115068624,0.0738856964579209,0.0838491678992395,-0.0514453159976713,0.150785793179736,-0.00358578801472786,0.0710885065561508,0.00560476086242989,0.0818600501439666,0.119294088432901,-0.108969877565174,-0.0302839386659115,-0.138313562188403,0.166122510831658,0.0495756090296693,-0.141479449125379,-0.0769065695622704,0.0536049332735633,-0.0175857873111198,0.00535561879818935,0.0683217526275268,0.0924509280906718,0.0387150532581955,0.180236140249882,0.0242956221905661,-0.0955318229780362,-0.0235982097906566,-0.081395460252514,-0.0548573086394923,-0.0435268767864372,-0.0036330235239399,-0.0671360957811955,-0.0798854560798077,0.0500437727982062,-0.120990788775139,0.0249791256878733,0.172806676094624,0.0272109298916627,0.0871534149668518,0.0131652802858344,0.0484024495249062,0.0389295034173056,-0.106551560463959,-0.121899854587499,-0.0212213241023491,0.098606977873541,0.0475099927893896,0.0588135684579125,-0.0307978614202229,-0.0282817294439304,-0.00813075256927798,-0.251163396542135,0.125188203175055,-0.19877720962608,0.0256174068643404,-0.0404682751067886,0.000805537714874793,-0.0658395767030022,-0.0656177147282571,-0.0352481972477729,0.0595920019081539,0.0549851787962023,0.0184002814827884,-0.180736698928017,0.055482495587144,0.0911915505387901,-0.211763708312436,-0.0576356810151983,-0.0219925378346897,0.136995511543429,0.0162487457994618,0.0907650570017311,-0.0711768797973917,0.0725149364142754,0.112758016887712,0.0120691936333706,-0.0244326227957754,0.00204734634913106,0.191787361124859,0.0594259621947675,-0.0528437678714568,-0.0902866185492113,0.0955294377019846,-0.0523258470340044,-0.0602309880152445,0.0639050305600883,-0.011677655162547,0.0121808298183583,-0.0344785280732385,0.104327662206304,-0.0267826551031032,0.100263266314919,0.00651325419005033,0.078645556372813,-0.125612620400648,-0.0793044840418844,-0.0275594504577978,0.0859603824953918,0.069079374874875,-0.0494300562238088,0.109261897391859,0.00396442342320702,-0.137668728969425,-0.0721961626653487,-0.0178255655597477,-0.049771000518871,0.0157241782618374,-0.0615628365150407,-0.121806217789307,-0.00514133288152685,-0.0657475131566079,0.0439010601637397,0.0296527835120703,-0.106416697395195,0.0718664696063713,-0.00671921691386101,0.0103369677477458,0.073981061170372,0.0698329854066921,-0.00209896305938395,0.126182693765104,-0.0468562894396984,-0.139479819020139,-0.128689428589772,-0.136091891974881,0.0210523870682124,0.00276236755059767,-0.0759035167930886,-0.0955121412988729,0.0761369459450396,-0.156040360340064,0.0844304726880651,-0.037822073494858,0.0227130364195176,0.157725689465977,-0.115190903318508,0.000177980088680751,-0.0402615902428054,0.107935090143365,0.0135454270824913,0.116309448284712,-0.0498261907032038,0.040851837654025,-0.097916332704659,-0.0218420060323981,-0.0761213898384847,0.00143816858574919,-0.0980104476256631,0.105824123426206,0.029996598175801,0.12119618925699,-0.00984143793592285,-0.214335993175924,-0.0791049741982279,-0.088584821818813,-0.127472891212116,-0.082687042243232,-0.0212412045658392,0.0191539061242727,0.128904723079187,-0.0396276677295466,-0.0913611474375604,-0.137523320658234,0.0150537230023384,0.0107515701736154,-0.0728763888758879,0.0436762494455378,-0.057575575718027,-0.0304125696847457,0.0588917371178206,-0.060853647878401,0.0888769191597878,-0.0882982247021564,-0.0694014349734933,-0.0296372566510494,-0.00603960566371686,0.0441672055953424,-0.0370224007233526,0.181962473778561,0.0835497829449356,0.0402713540981814,-0.0543056995638365,0.0314780368818943,0.132919859472536,0.103849253519568,0.00298705746574623,0.0413549249384157,-0.0561694199393288,-0.0995523479230735,-0.0115034432007639,-0.0298230591321023,0.0256612608517464,0.0282696391924535,0.0376900926447432,0.0159707605374781,-0.0296444213768039,0.0863412693404986,0.0372381188960906,0.0390516043789297,0.0617448466438533,-0.0316294650289866,-0.0285544965800559,0.0452691032756483,0.12282584767462,-0.091046211876801,-0.0963079433772931,0.0195065917436139,-0.0393858158868414,0.0545995594685933,0.0433345482856953,0.0588249593416819,0.0220039333532869,0.0695035078408135,0.0641217307789936,0.0646668210038579,-0.0516950528581557,0.0472064815449715,0.00405909636671464,0.121630570290367,0.00519915822153294,0.0634786360512662,0.0811955773810324,0.184675461785265,0.035178213913494,-0.028574970539915,0.18204011458232,-0.0949426508767188,0.00353386333055794,-0.0263058974320769,0.0852105744223497,-0.0205870966774788,0.0851573553735139,-0.0443373876313817,0.0162035385066179,-0.0501308553800639,0.0852996734154448,-0.0739874849995594,0.047866768474949,0.0293805300015415,-0.107281884271819,0.00322769708624637,-0.00288894488574565,-0.0402962946887939,0.0520340572520648,0.000718909233071052,0.108656911424431,0.0607918099608611,-0.0582290932858109,-0.0533546437638952,0.050238263629812,0.0884208495872896,-0.0146682396104749,0.142895884835449,0.203567947458791,-0.114008100233042,-0.0567696401083673,0.000581795428103993,-0.0588444141328974,-0.0367258220375568,0.0720476655737523,0.123180666090932,-0.232772573693675,-0.0877151390096662,0.18434632722304,-0.147545728462564,-0.218475747366198,-0.0464469275487303,0.135371513425977,0.0379129904948639,-0.051211869566087,0.00546626092532554,-0.0123904364389293,-0.0160024041910067,-0.0809900990126931,0.0541433639764461,0.0799108585200328,-0.0634524856060148,-0.0214674005189588,-0.0505175168864906,0.100471619964245,0.0288126597777356,-0.209291457678916,-0.216310559241708,0.00880160480184,-0.0143106265459298,0.0571354834662707,-0.0645544003388423,0.000325836595229223,0.0670947054134594,0.122652791292101,0.00418639692741607,0.00384167745905062,0.083051761022926,-0.00905818369338807,-0.169277640498857,-0.0542499508232996,-0.0237886852906422,-0.0171879049764541,-0.0611823839529571,-0.0296080792382885,0.105560702849784,0.165989657774386,-0.068889878363775,-0.0884154505057388,-0.139905098979579,0.201730484961575,0.0229829979704805,0.0360806738387274,0.0792708378592328,-0.0433065608128809,-0.112096950804,-0.0107123461549961,0.0102468133918396,0.066035753392689,-0.0331575144226259,-0.0252153086390368,0.00997294934682813,0.113997341978633,-0.134787339394003,-0.00173574472576554,0.0367148114925866,-0.0478799499892153,-0.0662678361885702,0.149279894869484,-0.221251684874503,-0.177102711348998,-0.0674267407789175,0.153940917713639,-0.0815296850360769,0.00623821373625999,-0.0375225617479678,-0.0554745968270405,-0.182093547448589,-0.0699517869007487,-0.0210366855886583,0.0989967081808976,0.0454469785450342,0.0669018070631606,-0.0449037344183507,-0.145871643772506,0.0988990279775313,-0.155550380731224,0.0777637271695995,-0.11620441442314,-0.137702354877613,0.0711255524445114,-0.0969767906730032,-0.103256234883601,-0.0958560163142907,-0.0238199649922226,-0.0553626058780305,-0.000490806288327317,-0.113055149607795,-0.00481923624386749,-0.207293667789651,0.0388004554192034,0.0522871660859157,0.0878974731236219,-0.0114451652282819,-0.069714070007056,0.0343713552691405,-0.130432570540654,-0.10260891337716,-0.00109756413820739,0.0902910596128972,0.0238649311241173,-0.0103119091136721,-0.074176398558869,0.00414142366015158,0.114425490241676,-0.0612513287425314,0.0658708458904322,0.0777526025915278,-0.0139639235491869,0.0463273523599286,-0.116188058651969,-0.057500117821736,0.0455207828973356,0.000109071495040691,-0.123695289714484,0.124006870474314,-0.0867347471539217,-0.0622152527356428,-0.078298036154302,-0.00293003311870921,0.0658249536406732,-0.0608028157239091,0.080181672065794,0.0712971668051723,-0.0402681179667845,-0.0881369583330764,-0.0157905482581966,-0.141515808037114,-0.000910142432076988,-0.0342347935496004,-0.0206097650095076,-0.123608813481499,-0.0928424337653277,-0.0694351719713349,-0.146602103776808,0.0933001749811413,0.000457764286073692,0.0594553320841351,0.0530311320097994,0.127958940881102,0.089806799301539,0.178905518648472,0.121724844311334,0.030066845254852,-0.0686001930373266,0.0185549981001947,-0.105746259306089,0.0698556592777761,0.0105465138093379,0.186792034763653,-0.0266049576649512,0.0407736167547705,-0.0818916150461404,-0.0412860998083922,0.107052242874418,0.120796278682249,-0.0622202429339995,-0.12220932275528,-0.0931206918206788,0.0996093973038876,-0.0709536989500599,-0.12886458331471,0.00945316251653772,0.144989611625693,0.0257790035552226,-0.0557542428431117,-0.0821689418956568,0.00562918687694314,0.00326719585856838,0.0181066778094838,-0.0279946989360527,0.202803974414656,-0.0219159284934443,-0.00974044915884154,-0.0704114277961239,-0.0543085383961328,0.221537871188767,0.0108222228707036,-0.0399764216049507,0.120718318671364,-0.0750845192874081,-0.0304858479816827,-0.135629793706675,-0.040675091767159,-0.0467622476939544,-0.0379969932145738,0.00588042042944381,-0.0965352981723426,-0.209431083891739,-0.00694248673602704,-0.0389735724775497,0.0475219073016153,-0.0294930012998789,0.0177977010024568,0.051726004892513,0.0234465036341356,-0.147325952118399,-0.167824002932109,0.00234317267493167,-0.0432227207709204,-0.0526412269832441,0.123349277338236,-0.155295653586275,-0.170212328138946,-0.0223121496487506,-0.106246459533593,-0.086426794555936,0.0183311012386027,0.0306188609246258,0.0350792231268233,-0.0363953533089414,-0.0430460940097515,-0.103949744585283,0.0277911627366414,-0.11892248434445,0.0270265205165177,-0.0200747720493748,0.14544742919777,0.0865508988329959,-0.0531762135432694,0.0103579554398832,0.113243227564782,0.122940468951409,0.125623575406606,-0.0203431290888698,-0.00130218544580796,0.0259670964024221,-0.0826838833522552,0.0155279689986823,0.0193682794729377,-0.0228437554728602,-0.0552695331513711,0.0618044715971555,-0.0449741742428573,-0.166674102117416,-0.0309243095784697,-0.078108659841913,0.11968195362679,-0.0393135058379848,0.00724042293116356,-0.0224671265274221,0.0868992166924378,0.107572013671063,0.17437849479815,0.0480902726768337,-0.0247421893937032,-0.117029407544521,-0.094978650675436,-0.100007604568549,-0.107551844222142,-0.0570913430155846,-0.0134077914704771,-0.0680947724587728,-0.141705574265791,-0.0262299156544357,-0.190702642889952,-0.0412968297464862,-0.129693760685519,0.170217875305538,0.104229332149325,-0.0331589503423215,-0.0318241066510581,-0.0810139966115848,0.0579282024489858,-0.0795620222437092,-0.0276319999636367,-0.00853164346651836,0.0104939166571745,0.0241936999386949,-0.0782235193002618,-0.0128736194523302,0.116934386816934,0.00999216388908652,0.09402612272206,0.00487611835906732,0.0846891661533635,0.000664920495418553,-0.118096552389777,-0.0903554378744182,0.102201156411305,0.00907275755229753,-0.0765983209103007,-0.0623111611332638,0.0458953388997205,0.0809442355934427,0.0668123901119091,0.0381807691250577,-0.0513110614487373,-0.11521638668469,0.0868803640193341,-0.0127526249449161,-0.0260149549536282,0.037984226397394,0.119610934727918,0.0591359007447163,-0.00272706552098434,0.0907397460620345,-0.0354023991038308,0.157106007189757,0.0265254494042693,0.00873215299849894,-0.0371109927027193,0.0183322087803766,-0.00689562790723519,-0.0743880957783114,-0.00898592911338048,-0.116843347625423,0.0765084942029268,-0.175613464932821,-0.0173237351063626,0.0345245695765548,-0.0561636969900299,-0.0697636238187909,-0.0481450039078544,-0.0656877365441542,-0.106384078993638,0.00449216249094464,-0.110110445567091,-0.024047208651595,-0.0894175950916125,0.042323988979488,-0.0491876599299172,-0.00312024645031972,-0.00556002334995398,-0.0210707326644877,-0.055669719252128,-0.0841913150987113,0.102300163611591,0.0370139383336454,0.0318674529656122,0.0132111122196217,0.147123621967332,0.0146577539746049,0.0314413683037738,0.0713899584690079,-0.0193801577761081,0.0689613464617023,-0.0124750076505609,0.0794466993914535,-0.0651174617462322,0.17600086157116,-0.0733937431456635,-0.00929771706610705,0.139975292114437,-0.00295365945543002,-0.0284167755981595,-0.103300698358758,-0.0521307183613215,-0.0345523253980566,-0.0618403394848572,-0.0600867007401651,-0.0238050094284938,-0.128812138035419,0.0992572102980918,0.0980518012841891,-0.038088409608918,0.00854105811882855,-0.0345683047841572,-0.0238249739010903,0.00633324967238802,-0.160049473311652,0.0695037186750638,0.042961748796901,-0.0300324399636218,0.0191918377214426,-0.0398412857907839,0.015372543322032,-0.0330415386764695,0.0470094268653527,0.000288466719513547,-0.0120296679730396,0.00586575172119796,0.0874038032629088,-0.251345509602318,0.0219099685319315,0.0293131621107525,-0.0183792106438494,-0.0232729864259209,-0.0671530058795291,-0.0333783046935694,0.0540724698129149,0.0252588011533343,0.0700682046429666,0.0472428119393646,4.87558487347606e-05,-0.0953859668123336,0.0172667318539688,-0.194978569314234,0.116504513764936,-0.0398035128312504,0.100226060368044,0.135964297967666,-0.0637114424315461,0.0650894292261985,0.013243376256183,0.0533477611042747,-0.0173384398187033,0.0480342617456251,-0.100555799511438,-0.00463568966195016,-0.158650343856864,-0.129232310875951,-0.0499034089395805,0.0726931700838627,0.194707509510368,-0.142570077250121,0.0134007615440805,0.00646929429173149,-0.110680833168975,0.0932850704793007,0.0483702915299795,-0.0770258269608624,-0.0321230557139538,-0.0692477560311877,0.0272121423194123,0.0686908230104377,-0.0544034657704549,-0.127865748453471,-0.0886846001169803,-0.0856706492267527,0.0151555614662566,0.0901222447904728,-0.0754923998162225,-0.0432312641185195,-0.0418107976345179,-0.0773337915190044,0.0832120116225372,-0.0228474841862045,-0.0647630095788134,0.120544139196667,0.0202107887620067,0.0857527514006153,0.0767528040638605,-0.102138769102529,0.0556166889789025,-0.0218311895334118,0.0257043639378343,-0.170207453211191,-0.0339724319550645,0.025932627592367,0.0156383609251598,0.197334961634717,0.135112182435098,-0.0695359640024988,0.0639753104820802,0.110401371657978,-0.125541091548222,0.0340445539206575,-0.0262291548640201,-0.0207861593457874,0.131215121766643,0.234688060972035,0.0720947752327183,0.000592618409788859,0.0286876577330104,-0.0579949739688579,-0.0232917576036815,-0.136209720958076,-0.0152255585680643,0.0738745319012633,0.0355441522626028,-0.141425544396643,0.0193840291149725,0.0810401646698624,0.00957232839428546,-0.0733004874105041,0.0569476264068629,0.0873853992104672,-0.0164238502685707,0.0671133954080609,-0.18317082409056,0.0613514383882494,0.0488742105403916,0.0344109832930386,-0.0736328383795137,-0.0341996577325672,0.0813940147645631,-0.0381335212195681,0.0520773218878201,-0.142556949266657,0.153003696900119,0.0118581970550378,0.0278325866126552,-0.0116748297886859,0.0105952845605373,-0.118371514051258,0.0716928019469629,-0.00592975300119125,0.159421227083842,0.0932115124533068,-0.0457518057127846,0.0557843814246124,-0.0879427607453893,0.0878654119972075,-0.0634136654626349,0.106830477931832,-0.0125051349310086,0.0395043076213712,0.0688760766037608,-0.0301575597905677,-0.0364076510978952,-0.135479689651514,-0.112789761664554,-0.0153944003058291,0.0179644607643723,-0.0459969222233267,-0.0153693644962134,-0.0447830691998092,0.0564902381641286,-0.0355382506548763,-0.0252863819984857,0.0151845768782877,0.102663078060108,-0.0981291596368123,-0.030768930214105,-0.10273942542846,-0.0104999182919125,0.0767697362593573,-0.208831161463902,-0.118645477682262,0.0372648861074212,-0.0322332599010706,-0.0867317304321809,-0.0655598042617274,0.0893000258618881,0.128540596848544,0.139301548429559,-0.154803198399715,0.101092996125532,0.0153178024234526,-0.0239556945948767,0.0289976247025032,-0.202229239880036,0.0669875547088639,0.0167253637034011,-0.0420874292149112,-0.0181575447208497,-0.0538063742299779,-0.0812221309975882,-0.0189843810612813,0.0410219080210834,-0.0361913948060346,-0.0529677017718573,0.161348540576493,-0.00473401519605998,-0.0438389674059869,0.0590743643152902,-0.141608872700625,-0.053001244824471,-0.0558384408771841,-0.152955592495641,0.0322115563813092,0.196106096819378,0.115889893578612,-0.0135942777971696,0.161480518373846,0.0106488050191,0.0463376608232977,-0.166216423544308,-0.175429617890357,0.0360181230783434,-0.00879347001785069,0.0243452278883567,0.00658763094675541,0.018821002062521,0.106034064687804,0.0463029196612403,0.0378413379966256,-0.0363132915725326,-0.122145799869425,0.162638413579429,0.044315765350504,-0.0490068382403206,-0.0679772996591987,-0.0393415063020317,0.0500343576536131,-0.109724061857975,-0.0638355638788566,0.135959280620892,-0.0693782424579119,0.0854417286799851,-0.0848087716237451,-0.0470965196082851,0.076675757595801,-0.0435465539038953,-0.125620326529403,-0.0886640817282456,0.0698439390363734,-0.00228157307273547,0.0782933316394927,0.0615589688301361,0.183863735147197,-0.0384688276816441,0.102417243266696,0.14384700369361,-0.0165755071662717,0.00533349164051655,0.00721083293869595,0.0242811437797719,-0.0835336085408889,0.0692337223285779,-0.0136628308482618,-0.00870711065286578,-0.0162944187367482,0.0157371426986235,-0.039703850614619,0.203967641353839,-0.0400648980705922,-0.0244023880724553,0.120304580279689,-0.0880327795295202,-0.0763661069856925,-0.107276630452939,0.0428696631513543,-0.00112124409661174,0.0292518265748303,0.0335505886540128,0.0870413885367296,0.167126210996337,-0.016684431724411,-0.108840169916202,-0.010519331203124,-0.132622481122787,0.174088437316625,0.00405124461563133,-0.0699611431801439,0.00244271522865969,-0.0404996600617795,-0.0297766784588704,-0.0446845020683231,0.0438198936936705,-0.169957895296394,-0.0659297189952506,-0.132429740560024,0.0442305224277098,-0.109802601836396,0.0491737174766553,0.0406707977503529,0.138440375865638,-0.0217986070972209,0.100290408815994,-0.100752498206263,-0.123824236183075,0.155395582203718,0.134326242485894,-0.0099473983496372,0.0958932951654403,-0.0646916235143715,0.11299575556281,0.030914768313838,-0.0373718691103333,0.0368608169059352,-0.176853443310689,-0.0611967517941516,-0.00846375358773299,-0.00191498802775225,-0.0709293501241235,0.132436747492295,-0.0963065194047394,-0.0120160481916582,0.027474646441273,0.0354970146584257,-0.154416562959134,-0.0345537325085981,0.158383273968953,-0.0945113757349074,-0.0209670323485565,0.0444115340922515,-0.0197882554438635,-0.0246625565438294,0.0539144092749009,-0.150680112896771,0.0289914805854972,-0.0902625930137813,0.168016344949413,0.104846585603224,0.026400046652123,0.0597535510319325,0.00263350022315811,0.0691909460099835,0.105977817309757,0.0737073226279588,-0.171504109898191,-0.0701870098486523,-0.0725252075415765,-0.0145392405887899,-0.016178516828897,-0.0965206173998201,0.0792056001860453,-0.0788021039383677,-0.0985863891261625,-0.107781980091426,-0.0782812574640519,-0.0839436192067327,-0.112602516768801,0.00287833266916104,0.00422894758120562,-0.0172684374721999,0.140695137363964,-0.0516120975388654,-0.208007718250596,0.062243881878679,0.0534520630093693,-0.0322356728915203,-0.00356202573233144,0.0245627941600768,-0.101298854763389,-0.0883087836287393,-0.00523360363363423,-0.0564624158824163,-0.0584790992054991,0.0234118213165795,0.147472260383041,0.00487003283991161,-0.149569693980957,0.00660512322350959,0.134592163115958,0.152502420876186,0.0629011422599115,0.106064410041056,-0.130042247107726,0.0218825368850952,-0.0408447799703202,-0.0439584199384013,-0.0383097938884287,-0.0809636814950121,0.0129436055384251,-0.102205099395783,0.0344557446903369,0.0210150933139852,0.186633883276109,0.0843021228640122,-0.140524000473772,-0.0452291411601058,-0.0102163271162121,-0.153865470938314,0.0480376668318316,0.112249144887299,-0.084303639701969,0.0155631418104352,-0.075892871748295,-0.044866602261048,0.12268146146245,-0.0577282393480791,0.0499888119276135,-0.0232797881576641,0.0576829526535665,0.0278078745525903,0.0464118412641725,0.0879561488987644,-0.208212614126093,-0.133940649465933,0.0380531402359683,-0.0708990826068021,0.025857940411804,-0.155015065387723,0.0810382038343438,-0.0190990196341252,0.0319948287701004,-0.0586568945304791,-0.0712587876807751,-0.0611416529611875,0.0513771420107472,0.0569744004590795,-0.0566041832320781,-0.0372170527960538,-0.00196030365442112,-0.004398455459377,0.0712797013273407,-0.0827576965984793,-0.0442531063804203,-0.0406669343813708,-0.176345088513763,-0.135754031226341,0.0450544497556196,-0.0600472847431308,-0.0793678578562225,0.0182977653803658,0.0191343710675951,0.0113852732620017,0.0186110589052584,0.018955325450186,0.15635101734212,0.00162560474876616,0.0370937319052147,-0.00131366515385833,-0.0390352490284274,0.0449599638327602,-0.0412237842582299,0.0336837230144305,-0.0263363887657828,0.0276464914607637,0.102324262571696,0.194063250148422,0.0139082564610065,-0.0817041111655872,0.0271339997141173,0.0173980776985609,0.155795338419245,-0.0251736702265957,-0.0561363337520948,0.0531181877363738,-0.0371110109048614,0.0125381464534873,0.0423921511751244,-0.021714586448657,0.0527558818670844,-0.0646942083151578,-0.0142936636083597,-0.205616264154198,0.106526438634397,-0.0814554817059783,0.0803492648754556,0.0733611200588289,-0.0403695531144947,0.0759589700585188,0.0691544101504871,0.0366074751813188,-0.0713231477149208,0.0900216014780089,-0.0567792189137433,-0.04596495691752,-0.0301842505593957,0.182153430563583,0.0830392576870183,-0.00292158232490891,0.00851135768468181,0.0881089627378577,-0.0410933424785762,-0.0724607738660974,0.0102250378938671,-0.0683510653004307,0.0989765859606258,-0.0259214005783397,-0.0158050435961217,-0.0433315514071406,-0.00176953879015063,-0.0285627605823704,0.0178511200035056,0.069044326305399,-0.0358481056179611,-0.00586346480674571,0.0107178854220045,-0.0942032434950666,-0.048257772397394,-0.207146309236344,-0.00536426578904781,-0.0558782669150366,-0.0177774022003945,0.0954747136319063,-0.0307579478114137,-0.0794102510312444,0.0501909396356983,0.0125413144230675,0.0666574218565021,0.00702233405938801,0.0652905883806845,0.0381723664932163,-0.00743679293230226,-0.0620114840976123,-0.00124264013939435,-0.0919124934636164,0.0987080361635946,0.0939704125608096,0.0137808599259159,0.0716901459852965,-0.0692838162153797,0.0281107263755831,-0.00984796124943443,-0.0999192378263354,-0.0659296000658998,0.170986501245362,-0.0213052287178082,0.0596786396757629,-0.00773204393719507,0.102872468910107,0.013123386355324,-0.0451696981033534,-0.0432429535137482,0.214215172574825,0.0198266566208665,0.005148936404618,-0.0514952084709019,0.0173047641389878,-0.216357956080631,-0.0214659772694832,-0.0765142371237433,0.0848800863292207,-0.112717074898234,-0.049013118450608,0.0620602760722615,-0.0301372959154245,0.142343300873758,0.104881799004344,-0.0383728394633023,-0.0506066161231793,0.142395907491293,0.00546969510463402,-0.194522908663563,-0.0302632058652197,-0.00656003488317225,-0.0443487959894364,0.0504261962423984,-0.140577361972142,-0.0389260098649542,0.09260830060673,-0.0237090952247287,-0.0528881232188172,-0.00525763678448055,-0.0673046102901176,0.0435082411385386,0.138193405548765,-0.0930746436039689,0.0637052420718478,-0.0310529831921089,0.0551471907815015,-0.0630130804626572,-0.018658040239441,0.113346322869257,-0.116097045324995,0.0539322052400086,0.131901894200784,0.0381964821098284,0.0603930254785099,0.0887014388602254,-0.0313411786838418,-0.150888540579856,-0.174212162165157,0.0644834928496547,0.0675431596606089,0.0700646308204749,-0.0370228056140762,-0.0608862459286073,0.0327849086779337,-0.0304585287546129,0.0500236130206919,0.0194134061618816,0.0568949473068607,0.0383126835318517,0.080017357507344,-0.0964058164894128,-0.171710080499384,0.153102170996751,0.148630378762705,0.0456358344822574,-0.130766276601435,0.0859467601059722,-0.0544104562458925,0.141299710574215,-0.043528787707912,0.0011525330936546,0.0388917645481257,0.0645274277168857,0.140755204859185,0.0189154337824624,0.076020092630237,-0.0295528270537484,0.0470763230433651,0.0805882779993861,0.063569014675287,-0.0389974515802063,-0.0103717924024318,0.0287855248070636,0.0896163826394452,-0.00770769484346889,-0.073658826558443,0.0567340270621897,0.0737123987249357,-0.0184610639200429,0.120011581544897,-0.0171496502279327,-0.0874837328445039,-0.0770362695776123,-0.14419287092846,0.0278974633364604,0.0538943845567277,0.131878431566006,-0.0175002413695022,0.0670924940329978,0.0248107944877491,0.00406200777040544,-0.00843163988101248,-0.0957641422394966,0.0268088650895171,-0.0121550732382598,0.12589897640207,-0.100945613944643,0.0409678906475572,-0.015843659522877,0.229456976844945,-0.0511368793798943,0.310565311131917,0.131857970455832,0.069172710721811,-0.0321626799661376,0.0215090852475694,-0.14499834284741,-0.0980679291512727,0.0434514054510713,-0.0636055383475775,-0.118409638264278,0.0520004479075793,-0.00393061295942498,0.0560862234778983,-0.0659112167139355,-0.239926283586246,0.0802620142797563,-0.0369079703543251,0.10202573908346,0.175299849850972,0.0510979090584951,0.0324400167373329,-0.0327580124317426,-0.137818762687302,0.117977141678641,0.0159446644884338,-0.117759626064355,-0.0365118500889929,0.0148152278800591,-0.0868978448325839,0.000665850155704195,0.0547076625759939,-0.0199581175476968,-0.0735791778119665,-0.00983733021513533,-0.0195294036573745,-0.0862462474953247,0.0457301882181191,0.053078603099169,-0.110401723074394,-0.045866894890918,0.0315584493450085,-0.0845762381370774,0.12353032118805,-0.0208435764059667,-0.0543640582971454,-0.0874700394336703,-0.0221937520388855,-0.0968769694045317,-0.0403851467884317,0.0176611096685328,0.000201649330599629,-0.042323394725492,0.0126989612588035,0.0194761193808752,0.090098728782527,-0.0701552419181359,0.0640798494075629,0.135308912189251,-0.0368263857534887,0.0204849059594832,-0.0305705002721393,0.146096719365453,0.176069300304886,0.111250332803605,-0.00528072387305123,0.00052124992816216,0.0073957655040664,0.0356080170019455,-0.0360902202752857,0.0194719907998036,0.114596926777399,-0.0514992019222884,-0.00514015800631551,-0.110140832753448,-0.141573145953533,-0.0484559742077959,-0.121887215008657,0.0835877295539853,0.0594284193076393,-0.0607063712816647,-0.119657591211312,-0.0425975913815515,-0.0632146299021432,-0.214178557912132,-0.0153717634814461,-0.15050045823897,-0.127893103365242,-0.0349748273646311,-0.0105419212565909,0.148516998535114,-0.0573464412891322,0.111087999406334,-0.0250920485722279,-0.0869700669977109,-0.149305081932672,0.0456358410218638,0.0456972053987186,0.0397138109782023,-0.0275781354893234,0.078783757362491,0.0482841416503452,0.112121902535633,-0.0629193575761646,-0.0966029361500338,0.178565052062556,0.0843472311844389,0.00609801753552475,-0.0432925898351213,-0.00361388354816849,0.010516850971872,-0.0765528728987683,-0.172562484393512,-0.049117647643083,-0.0553431951246646,0.0977791824338194,0.0772886965209914,-0.0544323955144748,0.046640959365194,-0.11275592247913,-0.0650661414432188,-0.152264975708449,0.148654922214231,0.131660016340929,0.0159566528326167,-0.0131312475466681,0.0727086962768313,-0.0849172698465379,0.0743656779872552,0.0847719642138445,-0.0106562518741793,-0.023053008354653,0.210446583334762,-0.00654161436702516,0.0369960755007723,-0.232660342131181,0.0541787932920537,-0.107698299533884,0.0392082448212965,-0.0516072935526428,0.0221449494647028,-0.15272391966192,0.00638448273496284,-0.00515941406125231,0.0152902493397067,-0.0357858229146415,-0.0753240608271488,0.0800267065513991,-0.0242097479397909,-0.017071518086095,-0.013600959207027,0.0690889998760178,0.0518918880625405,0.0725371865108693,0.127653775131031,0.0259774635052523,-0.161124174211355,-0.0364609627060735,0.050763408142511,-0.0670983350753191,-0.00369004111074034,0.0527605190272793,0.0661372674287724,-0.0131941942197562,-0.0102952578715687,-0.035452004655554,0.0731664866608592,0.0388409576013284,0.0691768587504646,-0.116899659794311,0.0945541595852419,-0.0704569080255526,0.0754583547995633,0.104772074092638,0.0376583008950373,-0.00790548625142051,-0.0741493701088221,-0.071137041421744,-0.136539100273136,-0.0826066540402994,-0.0258116220975135,0.0847899307929425,-0.0550655268789138,0.136180152045049,-0.0580334230203912,-0.065327912170789,0.0365267604279964,0.0657258164568284,-0.0578692838575749,0.0144716742701325,0.0272242679867847,0.00571884997137606,0.0892119812138379,-0.025976843139381,0.145800894788787,0.0447509965746007,-0.130607972390493,0.0977202742561079,0.0081084196552359,0.00641790549982368,-0.0574788493488341,0.0753144072743832,0.16528703720521,0.0313472209445467,0.00242312955364921,-0.025523723285505,0.0939371228657226,0.0508597119835719,0.0834981770507,-0.0197333418116115,0.0196585430359142,-0.0111010448465958,0.035560789424975,-0.0601326039631971,0.0478258836232954,0.0370559492657965,0.0354600316709832,-0.159620102283553,-0.096193431437321,-0.198995823558524,0.110319009523602,-0.0380867016065709,-0.0214060301307155,-0.0902054426834633,-0.207084436802201,-0.0473287393078374,-0.0572690187491607,-0.0900857211818273,-0.00651496666733875,0.00238132871822039,0.0598569374929299,0.0628355436911052,-0.00198434290038296,-0.0527150262782321,0.0304720380699379,0.0144176423459834,0.0970022879237016,-0.00682924723254219,-0.00694510992028263,-0.0228705932265898,0.0305713354753574,-0.077517898685139,-0.0506490633066772,-0.0408935969123556,0.0948327569922816,0.103904592286962,0.13923335684102,-0.0976807576119101,0.0759065586189567,-0.026300425338996,0.0111085506813466,0.138098356376109,0.0854073317616875,-0.0268288802150622,0.0670483175608849,-0.0133790935759244,0.0838847862265926,0.00469208067898341,0.0341440578375041,-0.174836235028934,0.18177125154958,-0.0170768030925466,-0.0658374139975377,-0.129044107724558,-0.00246188499527733,-0.076928394598168,-0.184569490839436,0.171403582545202,-0.0655029387150501,0.0797326505281637,-0.0575652410099745,0.0088861884310194,0.0354345700984826,-0.013911832371742,-0.008305208755504,-0.0119137115025802,0.156772740224169,0.0488692116813689,-0.0373089787105938,-0.0927191798245901,0.0413929409424194,-0.0371205538149249,-0.0109674641783384,-0.0329720194551255,-0.0398129341129798,0.0914515701419005,0.0410889858044965,-0.0640897744294575,-0.157123706639531,-0.115394917882118,0.0870605715343458,0.0803665505012838,-0.0490563843141438,-0.0451938016929962,0.0615118027675239,-0.144812403254847,0.0605873382277233,-0.0273143106750249,-0.0563845765226034,0.100800128685616,0.0861722414144135,0.0706812450904288,-0.00976549167277607,-0.0240499004806862,-0.110624186334781,-0.0472951035782998,-0.0203333655263478,0.0830324661991639,0.112357262170651,0.0898295700172613,-0.121876276780984,-0.0197291947154343,-0.0781707477090796,0.171921648655343,-0.123985939972599,-0.0129319313205527,0.100784869432398,-0.180895501806122,-0.0394385810215869,0.0823079368388384,-0.0252461770498549,0.0652093671118759,0.00614066700211047,0.0297863022170679,0.0929453621141034,-0.0375659991183688,-0.0189322232858578,0.0149082926289639,0.119912252953303,-0.0730863417829788,0.0320574394297506,-0.183012175441736,0.137745674837495,0.13342069240855,0.0798823067454744,0.0775621284490677,0.0964004473793061,0.19759145603881,-0.0768597894619782,0.159841407933172,-0.031124843551785,0.00795832301485988,-0.12831974166396,-0.0139563586530409,-0.0387518325209992,-0.0783211201409917,-0.0086305427604576,-0.139670376397974,0.170656383201047,-0.0237401271194893,-0.0404375884356587,0.0310700535196375,0.00565567029353531,-0.0350072573792946,0.151143539524079,0.129417273701588,0.0573059732778169,0.13533784654467,-0.161078388713001,0.0444710539128477,0.108770638612081,-0.0275266049166305,-0.0465797357084168,0.0468630272603674,-0.0527784345846678,0.0482859888140763,-0.0581383144888266,-0.131193355910132,-0.040962772301893,0.0262492307216757,0.0325539094724763,-0.0015543182263662,-0.0515195187161064,-0.157446644180747,-0.0666581230412211,0.119317451269088,0.0437713066105849,-0.0502998868518567,-0.0517642723717953,0.0384995355364863,-0.0495054922712508,0.0284073390103696,0.0207670401476434,0.0329332216902229,-0.00319600755644522,-0.0847531587061461,-0.0800667159276682,-0.112167823188387,-0.0288641900804016,-0.0435637127828299,0.0823458352061204,0.0041114772181603,0.00868621849476536,0.0872805299605579,0.168513445016166,0.133278324007305,0.062305515859729,0.138174728073173,0.0543360306294629,0.0274272116392313,0.0380828839769389,0.0530272826907008,0.0423881989196273,-0.0251332751704156,0.0579962012605617,-0.0619873001412938,-0.0571898592978908,0.0142682553519742,-0.0356235438957229,-0.0640116458224131,-0.0770444354336379,-0.098712057313163,-0.0288027247847937,-0.189138212780999,-0.00546984173813714,-0.00278340255610754,-0.0380267302605217,-0.081006874465646,-0.151326281059649,0.0840603739209911,0.0637741241466991,0.0212418717132357,0.0271489532130025,0.0472850462371872,0.110471303480685,0.00454030616799939,0.201255732559501,0.0967971577231335,0.0272709922980656,0.106803345620723,-0.00162396264190479,0.062600489443472,0.010145447991365,0.19122577828266,-0.0298722567998873,-0.0930997809905811,-0.139324077732418,-0.0663544552759201,0.26281234084426,-0.0635125606221596,-0.0179469393234317,0.00574737309720907,-0.00193253094002444,0.00868653585802859,0.0242784264538995,0.026842992497198,0.00261806558095046,-0.00291988516060426,-0.0317233245472215,-0.0315079214558289,-0.0462428811979931,0.00844246633402124,0.00418043684504221,-0.151472216752891,0.102957060468428,-0.0833174761886748,0.0890297044287176,-0.079441443294118,0.0422127830299397,-0.0787125811573506,-0.0599541360585167,0.0345604643921367,0.0619990374506176,-0.120761209752535,0.172036781915119,0.06667585721934,0.0170909518663107,0.0206454039335842,-0.085022089715161,-0.091054694590075,0.00242501709738407,-0.0576034172986741,0.0465090324838702,-0.0311553135089224,-0.0105617465751759,-0.184101444529097,-0.046227301094687,0.0070246442252837,-0.0266443577935842,0.0906247725523321,-0.17670572833944,0.0306921386860228,-0.173113653622201,0.0155499990295473,0.0797504549104029,0.0918478171066108,0.0341842536476165,0.0554407685921705,0.107933557187619,0.0956802515943878,-0.0954003831714552,-0.111196611144497,-0.0249603616581804,0.0805581952569749,-0.138225590785706,0.233073102074936,0.00826655234183171,0.0103001924451687,0.0374742332956504,-0.0433142368470643,-0.0541087159702638,-0.00753066169511118,-0.073583003893436,0.0978353624230415,-0.104041419971602,-0.10761705344787,0.0548449738303141,0.0308049242365409,-0.104906964149296,-0.0627839690262499,-0.026096329429766,0.0433410742423423,-0.0504668187870445,-0.0348402465679509,-0.133975815287074,0.11295187471893,0.0433034927110201,0.0514261337578101,0.0737409951061134,-0.0173971807178006,-0.0673568251327907,-0.0128708090555349,-0.213781470369175,0.070362829170274,0.0395147559986953,-0.0335214262848469,0.0256685137719144,-0.0821906308612967,-0.000417443450143384,0.0508174105672505,-0.00100184309463636,-0.0515749095962699,0.0602223541044755,0.136572200641856,-0.00733045640250651,-0.108613810614795,0.112492835014449,0.0604106627766727,0.0356806401041321,0.144020654590538,-0.108102519851875,-0.0642866813232872,-0.00782248926195006,0.0686654746693831,-0.0167415689625257,0.0206841813745144,0.0110638437847683,-0.0279165586231529,-0.00475651062500004,-0.0726110891275278,-0.0325423792849868,-0.0452849550284435,-0.0547276728484558,0.0410656199468209,-0.0410419088812874,0.0578080327873363,-0.0995321657982919,-0.040878832745038,0.08876880721074,0.0405685504085946,-0.0193941842817118,-0.063732751732231,0.0511461330212728,-0.0907193013457306,-0.0959048002255578,0.0303656510085923,0.0590631616131818,-0.0313685978142653,0.0745470953228564,0.0472992051906242,0.104868925003232,0.0723067027554654,-0.108472091760654,-0.0511326736019724,0.202736303901983,-0.0775858176227979,0.0758758071725016,0.026000331268361,0.00697751030738258,-0.0666880052789338,0.131630894775136,-0.0433129122125333,0.14033759760819,-0.0911691048777001,-0.0546773829856591,0.122198994181729,-0.108612354859129,-0.0342618137501911,0.0188967475142128,-0.0310532180666394,0.0622975849237508,0.0560938703669991,-0.115156090396456,-0.0373450365372294,-0.0445844400981539,-0.0702829202779047,-0.0534756196459423,0.0356845019603611,-0.0554632581441332,-0.101148871317703,-0.171390034029844,0.027176082402786,-0.041218696980919,-0.013877310137933,-0.0222209702397738,-0.00114448984899118,0.207047490704167,0.0853493831794565,-0.0113661895148383,0.0772249841935189,-0.00635020135284137,-0.0604625070084657,0.0644128144257341,0.144074193126919,0.0628986794813859,0.0783945255737253,0.0666493892446898,-0.0982549607974819,0.0803313466139213,-0.131502973103562,-0.0356864646704174,0.156253258462381,0.0674878101445584,0.219976630403167,0.100827182198371,-0.0421221479201384,0.0617969621668522,-0.116863357039797,-0.00371991625307544,0.0116428061405172,0.0701012684337916,0.0497622552421748,-0.0104498989328334,-0.00894981512776027,-0.100565852771662,0.170330121826235,-0.0138111245247501,-0.0777427172108487,-0.0546524071761092,0.00285788945009902,-0.11248237236294,0.103894061415697,-0.0900791593433308,-0.0548401925406279,0.0965374934635417,0.090368561302445,0.0252848104125916,0.0562279955336447,-0.0117216434135718,0.0373254179739213,-0.00153008247457054,-0.197900239080413,-0.00626026269630575,0.330451205347173,0.0158273996898863,-0.0466135543160844,-0.176175028973678,0.13009461125102,-0.103032394078685,0.0278706788147072,0.0694503920505647,0.0802086031621008,0.0570577688835985,-0.110904740743855,-0.0363872253432813,-0.0531572437835153,-0.10636292014583,-0.03575520384749,0.0779663689730643,-0.00695273677745067,0.0883185227759213,0.0118874920925167,0.0305280732816735,0.0381532611456095,-0.0169627741321028,0.146172572338057,0.0289754963636619,0.0185633838696697,0.114600123200713,-0.0319300807153278,-0.101687697579052,0.0240965490711855,-0.162094132722644,0.00237038211159835,-0.0694968070308528,-0.0859782159292948,-0.0240193201418646,0.0566249269263088,0.0586017330188582,0.0457597849747384,-0.0693465582158703,0.0497830184534997,0.0468652824632705,0.0434925478896782,-0.0623880424965764,0.0193997295350272,0.060630557191971,-0.0518990122545926,0.0609440470300058,-0.0372958972659729,0.0629127960987557,0.0450045814509727,-0.125633048513587,-0.0484533891161854,0.0213444430459622,-0.0964907773524475,0.0860498779613401,0.0912137418890775,-0.171890422174961,-0.025467553742617,0.141818702536822,0.0207361530375867,-0.161062203872241,0.035946815942612,0.0339721522212741,-0.17275813291397,0.0426742298009355,-0.0115702387354917,0.0299177661530257,-0.0283392064694579,0.263926145235666,-0.039215053643562,0.0361567394373754,0.0423400598211887,-0.00152607802881688,0.0338988908197031,-0.114778172321693,-0.0145681788227652,-0.0313070929814026,-0.126254211460088,-0.0748844470357786,0.0703143571184388,0.0104899412298982,0.113170566143756,0.0291631386551783,-0.036199414580687,0.0933888289530307,-0.0645168367941369,0.0622639156951776,0.0967446490230397,0.000205358657536348,0.0361666318243556,0.123333863249188,-0.099386885452013,-0.0298615594714824,0.0681859427027378,-0.0967432289943564,-0.0112976031053957,0.0985056773016382,-0.0694631614522554,0.0576425816963249,-0.0780833004512314,-0.00450620736176077,-0.0702562388047827,-0.0026492413853183,-0.0140092065875281,0.0702131856532562,0.0153102491979824,-0.0277387991456903,0.00420174237600079,0.221684667766705,0.140514273441073,0.0241682661914027,0.0428425843103346,-0.00845358861353107,-0.0406814608233348,0.166433626897877,0.0672714993537609,0.0729433756862832,-0.039271422946753,-0.000725758272565713,-0.142891181122954,0.167442330362628,-0.0351446578244117,-0.102510181320401,0.178958611755714,-0.0444238793674243,0.133012626501733,0.0172309670962099,0.0596377254579235,-0.0161664405903235,0.0355554871680539,0.126862022317902,-0.078644216751119,-0.125406297840626,0.00366490612380765,0.0413182188267314,-0.0975286475615293,0.0651611163523831,0.193130151780895,-0.048522352645112,0.0268677083396454,0.0509396852546811,0.012994057102266,-0.0594082628462385,-0.192120197098064,-0.0674927487971697,-0.0957005067507763,-0.0499423074971421,-0.036078071166612,-0.086278827680264,-0.0380506172187687,0.041470486164183,0.0682324973302415,0.0744092136077785,-0.0155166922233452,-0.0333049422354801,-0.124826534975626,0.020541804841026,-0.0546930234564336,0.0165645279123154,-0.0419495714140217,0.0927241281885174,0.23517597446647,0.0754130494895207,-0.0222061687195461,0.0559274621223382,-0.0398672562767564,-0.0382661792132217,-0.00804680271225777,-0.00442658737108115,0.0874851930916809,0.103037225393156,0.0808594646954703,0.00654620039675446,0.0501529966299539,0.00935251727988073,-0.0712840973789897,-0.0654952720719137,0.0336603147744163,0.15198145034164,0.0210108198034487,0.0409823601282784,-0.0173311579363551,0.0182502482585587,-0.0206589647829887,0.127951473891558,0.0805020680651438,0.0257467881939528,0.0570473153283391,0.133321476205304,-0.0279583745481089,0.0989946277065168,0.0196855197753667,-0.181405418319778,-0.0372340801790165,0.110207170425199,0.0537490173360082,-0.0777542363929582,0.00244070568385646,-0.0217048864786955,0.122355161322818,0.0309094547839652,-0.00847597563277169,-0.0379262360363373,-0.203439069488426,0.0722888762693485,0.000813067323847338,0.0196790105196782,0.00328784748959521,0.0326198999233034,0.0322223863403441,0.114191049973595,0.015131480502983,0.0800845591142678,0.0470929436675749,0.0321450770836893,0.0679493536570619,-0.0232456651866468,0.0500150302068398,-0.0826202961237179,0.020600587426318,-0.0434893524778777,-0.0599927229147097,0.0606282267550451,0.115282742994337,-0.0549304238761854,0.0112784084937252,-0.00345338666215911,0.0904705832333512,0.0775956191798413,0.00201629081266441,-0.0183447684439768,-0.115946593253605,-0.044454120771189,0.116592376210571,0.100323230285513,-0.0867949790131313,0.125548397931374,-0.0028857831534177,-0.0883988967197933,-0.0109771589108822,-0.0126312737281875,-0.0612391171920548,0.0650156872051879,0.243267708840721,-0.0494526025809225,0.0571250270720656,0.0392908489046666,-0.0914462781757841,-0.0180748590853703,-0.0627718360255289,-0.00275830618550144,-0.0328752601000843,0.0749934918293702,0.0607777900067914,-0.103834366703201,-0.171119257264721,-0.146488319133533,0.0308213543260674,-0.28024192953418,-0.112791636657423,-0.0370251467050378,0.0908779154721493,0.0800760791524768,-0.0995284885965351,0.0711862077271466,-0.104368281625321,0.205473287988836,0.0729421860673991,0.0608617983811075,0.0138972971130609,-0.170299869794521,-0.0053619247680361,-0.0119912938363149,0.0754123184908646,0.0223008747038862,-0.0336343088020774,0.126218190810261,-0.0826879055164818,0.00177611050557047,-0.00934804762634478,-0.0467202837902114,-0.0739677647890948,-0.0357825646052099,-0.0102216312005519,-0.131809651954722,0.0311448730937731,-0.175544817682971,-0.0371882747178849,-0.144502614583249,-0.0444812662749325,-0.0411590869114886,-0.0111753026839843,-0.198031671643371,-0.0602271969431918,-0.169888046931754,0.100483762152865,0.145019742303004,-0.0481876064567861,-0.0480071868746981,-0.191292668775899,-0.0962323152113314,-0.0352867970309569,0.0277922287272729,-0.131739256621946,0.0123425760357174,-0.153032530490908,-0.111203916800952,0.03039527950857,-0.0893458645795349,0.0991325560594132,0.110103420529752,-0.117312153581322,-0.0194698139082607,-0.0429581314746397,0.0369959445020913,-0.121035657511678,-0.0413578192885447,-0.103751546362309,-0.0552973213049164,0.0446112234041487,-0.0118288673403355,-0.0234419199602143,0.0148854293739191,0.142064474641166,-0.0954719725196234,-0.0157497049316713,-0.0938262218912889,0.0295254524918578,0.198542200923423,-0.0329953128240073,-0.119758964098051,-0.0562321190046768,0.0212365455642878,0.0441581640889437,0.0717068263290122,0.0335038521692956,-0.0371693951205709,-0.0489938758491402,-0.153033136949041,0.0213558133336458,-0.0480963718137719,-0.0352320590621691,0.0578951421499299,0.045270586509601,-0.00223653478733432,-0.111664342258463,0.0371830565143429,0.106350968069198,-0.0564621494646262,-0.0855998748634539,0.0907689303625241,-0.0146788962821822,-0.00224410055249535,0.0842620187288627,-0.0394110663383227,0.0831894622171128,-0.0319555017296196,0.031148612445526,0.0377856220605963,-0.103433724289264,0.0125271722310849,0.0515030273708581,0.0999297895927524,-0.0679175643995089,-0.0544298215909675,-0.0259382446411021,0.011596267764979,0.0760808346056332,-0.0309424052214444,0.0958876654736347,-0.00993779701719344,0.0456389685553662,0.0561868162276489,0.025359312434539,0.114987644165382,0.125007676596326,-0.119664368231428,0.102720033346763,-0.0850126677247895,-0.013098774636767,0.0753661867582425,-0.0794007858607606,0.145976851009112,0.185186774016636,0.0677308145453444,-0.073904839263232,-0.209583344892041,-0.109364578834966,0.110723563822009,-0.0223996600251173,0.0431247537599193,-0.0872087281673348,0.0167902648341935,-0.122975049364709,-0.086152582002665,0.0379098246950189,-0.142780697515497,-0.0329968812179624,0.0427671891777901,-0.0791695628005633,0.0240930455848853,-0.116814386954108,0.106442663300659,-0.0688136200400802,-0.0296016007922955,0.00954278742928127,-0.0175094054891769,0.08718904024473,0.0754757037337934,-0.101651745055581,0.0396256866004321,-0.0267259978314671,-0.0429752744533451,-0.0138539593078768,0.142150936237566,-0.0783097266300752,0.00526972758907251,-0.146900103710581,0.025405220632376,-0.0617857553618739,-0.0178180579975193,0.0195804941786677,0.0625725665908532,0.0198453543372494,0.0834060875929801,0.143317188356145,0.0431217367800349,0.00878829451192553,0.210877370158369,-0.028445713842133,0.00711753572331686,0.0707914180404083,0.0392450169085303,-0.0179650507032934,0.0104953127785297,0.0700214613066854,-0.152488149741266,0.0208345496606088,0.0494976483879102,-0.00766729703527691,-0.136593267546526,0.129346923537082,-0.0638350078734398,0.0201826213283789,-0.0776484775454982,0.0159371108091868,-0.0152003184631635,-0.0180190343222981,0.169478688935003,-0.0269770848208459,-0.0349156768522665,0.127326682898937,-0.0660177442270893,0.0674015479972376,-0.13648098856558,0.0194699535474085,0.00863530091020093,-0.0274503666999202,-0.0319449358439368,0.188684683093408,-0.137129390389124,0.0519105098307056,-0.0348102949261717,-0.123509643623351,0.101707159818545,-0.0194347674711661,0.0650619462855251,-0.107549916728142,0.132146306039034,0.144943727934257,-0.0874785249419414,-0.0977477870166101,0.0418822655416058,-0.0385260424623697,0.0542502262243789,-0.00226260609292961,-0.00087944529578321,-0.0551770568454861,0.0092920575308526,-0.0606037308017915,0.114039325095047,0.0487789083790247,0.0386153964689018,-0.201510132808474,-0.0152398018008806,0.000873957535992398,-0.165692924310791,-0.0906155033911893,0.197049053387663,0.154819003156947,-0.0351379867747137,-0.126190100754978,-0.0679551932665117,-0.0325242297695114,0.0718720937896742,-0.107908182150355,-0.0973440496290277,0.210234536941975,-0.0137172629524565,0.115203973774981,-0.0632637848901973,0.0637153992512749,-0.00150852172271687,0.0661811351880859,-0.0161658616770537,-0.0107927599230164,-0.00659480900944809,0.0310737354391109,0.0392756838316008,-0.086187939598918,-0.11607214227589,0.00454796555297454,-0.122152580292369,0.216807727207007,0.0422960867002782,0.0966475332660457,0.0895520301111339,0.0355275697795649,0.0500535467598819,0.0999540075771557,0.0177457247844188,0.0455726750223122,0.0183680128982973,0.0160182764345704,0.0270432764445987,-0.217748382763326,0.0803989314083258,-0.00399481313352323,0.161858716757221,-0.0639038797291769,-0.0239411235390721,0.141621816629735,0.0653038205907339,-0.059095727040575,-0.0821210930064273,-0.098658147586848,0.157552043598232,0.0665817049503197,0.0415306070708754,0.0156619126040178,0.104036203907541,0.0140198713412474,-0.0273560202317684,-0.00857963727614175,0.15876060554924,0.0798212359981156,0.0551026807799524,-0.0373455906943088,-0.0413288961390643,0.0924362319066749,0.106935207283257,0.0540734459096961,0.0182173644976866,-0.089839632909094,-0.0514980232449824,0.0171150751804396,0.0548026682232072,0.00646943187168447,-0.10561945147132,-0.0150202375950808,0.0344252152545099,0.0682377213491789,-0.0258420509176558,0.0628100909474401,0.0154800116369311,-0.0562343654980113,-0.019750558304132,0.123571507080122,0.0971446746942077,0.046256552994365,0.0546869340682614,0.0747340962533847,0.0523159417117374,-0.0494306876892372,-0.00805727770562559,0.117325453649152,-0.0689776170913752,0.0522571077968521,0.154061989799024,-0.172547667571425,-0.0465344452621643,0.0191169808673231,-0.0548398252311904,0.0144126697025289,-0.0171353501598133,-0.0402100634590696,-0.00806416220980033,-0.000298030797432514,-0.170283635739021,-0.00799334653664197,-0.0233281411417199,-0.0205594318612556,0.11160471263819,-0.142689765284536,-0.0763134636887055,-0.00312298541278411,0.0445275651078907,-0.185734371088762,0.0406500674473369,0.140995794268969,-0.0668060211989419,0.0181992074310993,-0.035044295837027,0.179878674543211,0.080470289189372,0.0394816961715505,-0.0587283502358211,0.0477897616767384,-0.178751184663294,0.0646264477449219,0.00268593141189521,-0.00366536270941786,0.0554398092668564,-0.0392341283710893,0.051241137656473,-0.0379164505966845,0.0521715663488076,0.0507062553215389,-0.0111145339197045,-0.141225828588057,0.0229116612475613,0.0718889637867841,0.153737214299662,0.0263963542946466,-0.0293666063706084,-0.0734951296353268,-0.0375177618707205,0.0436000911490722,0.0735586835188333,-0.0169583464436509,0.0355799035996522,0.0450478551685061,0.0599155784361267,0.00698428477065915,0.0295930996066784,-0.0226268012521502,-0.0535249527663253,-0.0223222481513696,0.0392414075334757,-0.0668298110301784,0.015463060470909,0.00140404621505974,-0.0288444755506756,0.00437864559378465,-0.0394451949498098,-0.0139853430119468,-0.0837825619708941,-0.0465647076801927,0.180733216224451,-0.0302391329742075,-0.0328195359353982,0.0489876339662874,-0.047270449763662,-0.180364609281999,0.0380372055229814,0.0495334817476851,-0.0901271908654033,0.0168819857395615,0.0974187065276928,-0.0716512834326211,0.0135512238167887,-0.200931744441525,-0.0115438547574565,0.00823070280580729,-0.0652657226286064,-0.0420567805560514,-0.0972251812036768,-0.0255807315712113,-0.00312077409275835,-0.139018551706685,-0.0401610478184589,-0.0567657695118324,-0.0523082101896066,-0.0708977123923233,0.0786704585781082,0.11290592394014,-0.0871967845635027,-0.040015570484301,0.0927839204112153,0.0969194876556647,0.0088725919561341,-0.0700121537475851,0.0895334452712864,0.104055710775101,-0.0229779871070086,-0.0201560637467848,0.0758763288049029,0.0420785573290305,-0.0767466979826628,-0.00700674521302114,-0.0849702822661271,0.139899529368821,0.00384925816830273,0.0714740955680546,-0.0586725925280098,0.0693401410858705,-0.0108037209401322,0.0312287574035859,0.0217013608898817,-0.0882664073110382,0.0490367757165173,-0.123978944950222,0.0398381249339599,-0.163355983442802,0.0718944675240256,-0.0591508742619897,0.083514179687258,0.0724802964878311,-0.0175632139436948,-0.024432234473962,0.0164310183170076,0.0620962922750303,0.0734548509565447,0.0648891954086874,-0.0702179051980116,-0.0208241857988938,0.00257922617175965,-0.0247329049804801,0.0905939565097245,0.0711884048456533,0.139744494562064,-0.105475245296584,0.119318327370787,0.0950719748776354,-0.0489210067660775,0.0634040916152727,0.0153197573461115,0.0739106610525218,-0.0876743986469095,0.0396116305067102,-0.0130786528198459,-0.0117897807213758,0.0132580931374067,-0.0941558645099203,-0.0438932870670521,-0.14437052571654,-0.0140675745950558,-0.0561230686295469,-0.0763276169531579,0.0690754577981885,-0.0767788990680529,0.00859788016586815,-0.0766415268450791,-0.203265689694202,0.0356028848279213,-0.0977239126623917,0.0462887670956176,0.0704838796364649,-0.052269246519054,0.0462844692097655,0.0730623890010484,0.0789131302474941,0.0259933818419507,0.0120854258903682,-0.155468844569801,0.0262627180980153,0.0937425201236115,-0.112640308816802,-0.0450037163081438,0.0854714517232291,0.0777301381983977,0.0776728812311442,-0.0863025984841679,0.14307792707533,0.0178282394375975,0.0699764024012952,-0.067413807299034,0.145557992436079,0.00387132724406358,-0.0928234884800103,-0.00920589170510278,0.0546087817950967,0.080461655286431,-0.0165316324372053,0.183152582060172,-0.0384299567186712,0.0629467858128492,-0.140271839279391,0.116314263409016,-0.0804041045668042,0.011095961116167,0.12189937415747,0.0177744566905331,0.0083077212693099,0.0191677065236404,0.0418757125953193,0.0729022162485935,0.0295688655499546,-0.0127682175067294,0.0244473357212658,0.084688892037585,0.0429278151331101,-0.0877210160197879,-0.10700141840829,0.0205620707611511,0.0422412385436979,-0.0882137802611505,-0.0372891268990561,0.0169200331239352,0.0763492170639757,-0.0178257152215942,-0.0477759420344177,-0.00706640559216076,0.0661720907893553,-0.0652106803109298,-0.154513901769881,-0.0284283860074739,-0.0110997116774305,0.0882796194981885,-0.0449176938872773,-0.0344380890935554,0.0789485718476781,-0.0676106769690135,-0.0785776760873467,-0.191871327456788,0.0812487068913326,0.0769591459858665,0.251293468673014,-0.0365425608871988,0.0269092055085491,-0.0810392320287008,0.109897943447721,-0.0121331518962458,0.0521219669309598,-0.0280594776310066,0.039591010904396,-0.132556477909236,-0.0576681720106382,0.109359976349536,-0.0507806042786916,0.0478961429103417,0.0244876546309465,0.0468903953569977,-0.0184517373165578,-0.189451209699439,0.0544219324508308,-0.00916430331933427,0.191197527046417,-0.0885189848431387,0.0461879251047752,0.166628164460851,-0.00923684683925563,-0.0239795374611314,0.0158619469615722,-0.153006325236002,0.00462157417534637,-0.0696563638890506,0.0711777604392507,-0.169398417261571,-0.122569080502405,-0.00976728125160653,-0.114736294535281,-0.0370635804859267,0.00245577990048074,0.0623338736661412,0.0449460961004422,-0.0988011445162837,-0.185786685693924,-0.0150796497811023,-0.0414198025646106,0.0671585236853713,0.161345014134959,-0.0525430393811321,-0.0129375411691726,0.0429442094559231,0.0628574192516238,0.0284477622514345,-0.053189809248027,0.0856321867098599,0.0945104072288767,-0.0923173817073382,0.0560298031038826,-0.0177828231140031,-0.0569095006520874,0.0220745548593289,0.0997621846783618,0.0497247080339809,0.126141500027725,-0.083419807039177,-0.100036980250905,-0.0581967156963819,-0.0129798997455941,0.0516963126276202,-0.000408898330325869,0.0828534567476278,0.05501143133205,0.0696755064301762,0.0528010200065281,-0.00452795838326692,0.0196286607167502,-8.04599193964251e-05,0.012925641193964,0.0385447844874744,0.035118771302558,-0.061740656863416,0.117891579526906,0.0315338787770338,0.0705356621040829,-0.0274355624231295,0.193380732268721,0.167432353294915,-0.00244854303559183,0.0145167909924704,-0.145759480831157,-0.0471782278647264,0.012053254615604,-0.101030330805571,-0.0381598013667674,0.0228813298916055,0.0565162319384545,0.13601645618456,-0.0795948936664646,0.00224743833980279,-0.0117402708125893,0.261400438479115,-0.0106538448091849,-0.00836169656725927,0.0410598773949979,-0.0728146979906157,-0.0403481296228065,0.0377045280594241,0.141843823335892,-0.0316613364102936,0.135160595688914,-0.0203036586765784,0.0557854576725236,-0.0443551342954778,0.00446406365746332,-0.122657676097546,-0.0850259881270539,-0.122993484416744,0.0788846226092701,0.00700222859774513,0.0432640622888358,0.00748301197231149,-0.0510509164725992,0.0907764959610118,0.0815287764203514,-0.0148238425446729,-0.078992934668312,0.0370414736087392,-0.0208008677984095,0.0200380789641326,0.0699401782909508,-0.140440712875735,-0.00549606491484544,-0.0745383421773451,0.113161151101051,0.179657367543653,0.0697986150574412,0.0573865347626583,0.0214002136578895,-0.105668717391572,-0.00189424746705846,-0.182691907080438,0.0288760016724476,-0.0763436263547188,-0.0835632296146254,0.138654290817654,0.0955531762188588,0.0412264985666466,-0.00593922915391021,0.0944817098732837,-0.158383480785107,-0.0159738091219257,0.00273795253757481,0.0430848036799649,0.0437887263990127,0.0268019069413752,-0.0356637608432258,-0.0768675469869584,-0.0291600813703927,0.0494850006406056,-0.00475096623907767,-0.0164550393105261,-0.0218564886904362,0.0491732784392693,0.0496325246140845,0.140492682305362,-0.058758896428964,0.0256154183242039,-0.00221828580756434,0.0409344856552001,-0.09291632784333,0.0490719584900374,-0.0242493449095122,-0.0563532411198384,0.092523599060421,-0.0554268146730501,0.0187316050936168,0.0595719001380999,-0.070925703062791,0.042038955448797,0.031710995364628,-0.128263265751152,-0.00509510636681298,0.0247337435039887,0.0868915996464752,0.00119115681221293,-0.0466170276064757,0.0301079649650671,-0.00690697987582878,-0.0208826330275604,-0.0155438871175511,-0.0151481186402611,-0.0973645600563451,-0.0156535428743823,0.0122952283587026,-0.0703496309378204,-0.0459439898347673,0.0754476358678224,0.0915512442168249,0.0764215105832262,0.134475163331812,0.0508386353892158,-0.0367811093911743,0.0577326081458382,-0.0306546500244016,-0.0175850931325221,-0.0365303284334209,-0.0755556809202131,0.141075474463849,-0.00682173446137879,-0.0703200484690454,0.0950001617641445,0.142337497435749,0.0617744578291002,-0.101960256751983,0.0651156666188188,0.0409913879040427,-0.0163947815737377,0.045052327789908,-0.033880755116388,-0.0017397732655966,-0.0822082849556889,0.0477278979023135,-0.0184551420824377,-0.0154878663542259,-0.0232839463219237,-0.0451013604526649,-0.0432341297683809,-0.0212090092249415,0.0374594819073202,-0.139009460069898,-0.0604740860376807,-0.0598217910060814,0.114306707629153,0.0160885128763208,0.1073982974101,0.110967043733424,-0.0358395702072478,-0.0266286394073862,-0.0839948918242888,-0.0188705984635154,-0.10175708426151,0.112867515306318,-0.018642273205336,-0.0263947966857216,0.0812823465326793,0.151842461342548,-0.047967267930614,-0.0155993170655262,0.0700146518690894,-0.0726525165089829,0.0249043299694538,-0.159639017446621,-0.0289400525239802,0.16892581209438,-0.122438428590122,-0.0378860232059095,-0.048907052586519,0.174764412292453,0.0853467635763627,0.127688519047751,0.0987682214282841,-0.0782240893552344,0.0702287800639858,-0.0760417303324981,0.0545915758112239,-0.0501159385127377,0.158954044781015,-0.0947526200078626,-0.144124558285322,-0.00836567069682115,-0.084961505293939,-0.0419061196448882,-0.0375979008710261,-0.02247428114587,0.0608025402870844,0.0801119753105999,0.0580594198109003,0.106616525976686,0.000180369944160486,0.0544985183530744,-0.00523760604273305,-0.0788479325801825,0.0268396888658322,0.0295293577648281,-0.0774112742786421,-0.154661830653737,0.0279867809915553,-0.135439994429314,-0.0610619304543891,-0.0303395950603247,-0.0425600107884931,0.0307361888134681,-0.000124105840201061,0.00854758495519947,-0.0770952391589819,-0.146218437517353,0.108358708656384,-0.0305837911520737,0.122024677862381,0.0613256508575482,0.156413052016738,-0.0754041683498632,0.009591303357249,-0.23942893342232,0.178642627987277,0.0883690883587724,-0.0381674411262756,-0.0403015151479456,-0.0767477183280372,-0.0915413906995948,-0.0364406820267016,-0.047490909108677,-0.0701600893402583,-0.177252394425806,-0.022858157768558,-0.0399473482020736,0.10536710137307,-0.0741103924951623,-0.0267902886037246,-0.147616864498858,-0.00991226344772134,0.00611242711133064,-0.0728207411090307,-0.0591241570608969,-0.0501315927135786,0.0395396333019773,0.00706048373238,-0.109167878631208,0.0629246760473865,0.0472364750685661,0.00403201371576012,0.00219491858751386,0.0035014195873373,0.0160836703726495,-0.145752243101775,-0.0736606008379432,-0.0758216078504508,-0.0246023671910898,-0.0985305343786251,0.205303977067021,0.0907455737310126,0.0159420823213186,-0.0173454885934272,-0.045525843783131,-0.0674528225683808,0.0480420886296784,0.151164813183038,0.137707978729242,0.129319978825981,0.110897143970077,0.195146940830996,0.0640663091468008,-0.00220758925750308,0.042699576664146,-0.0670176510908167,0.0762584903723953,-0.0463186306498664,0.0672554534224818,0.159819881181946,-0.100114634964003,0.0623506649992891,-0.0402679482177248,-0.0904227866058194,-0.0191528058679431,0.0704589884387654,0.0209750012160641,-0.0708438698335243,-0.025507857198404,0.0390677169909739,-0.00321538160433921,-0.0938047871767083,0.0544074375420422,-0.0454161471800041,-0.0744851681490246,-0.0370538585762361,-0.0263026688486057,0.0168285474273611,-0.100335501979217,-0.0809608625101386,0.0216796267487345,0.0617740000813303,0.0227873239035674,0.0190317209725157,-0.0186097034833961,-0.077993328036627,0.0387072521159166,-0.0139405730344571,0.160994840882914,-0.0858695199602577,-0.0530576238914175,0.0533832678945536,0.0649935766851777,0.125849894752583,-0.0018580866986202,-0.0754035411029821,-0.113665612315555,0.063844063792956,0.151740329323506,-0.00499429666236484,0.0222990550017244,-0.0194981509256413,-0.0102766861911352,0.0412274889516002,0.023710907926654,-0.0326308245977387,-0.0568636635585853,-0.00287820717505483,-0.0773896592865526,-0.0924069284275615,-0.0657717941318317,-0.0424820151352057,0.0290359029960263,-0.0458443426190969,0.121141275247065,-0.0582619036740688,-0.0435869328521399,0.11858149522459,-0.0321309914303565,-0.135567357184684,-0.0554993472304419,-0.0436491069104799,0.0918141276088273,0.138474218276258,-0.00123298289142681,0.131966878831077,0.0581706648639559,0.185898666881726,-0.0409131188470355,-0.115703696276285,-0.157848718656923,-0.146033869649378,-0.116913601233295,-0.0182569932805614,0.0600996674629981,0.0302222240531225,0.153754489543371,0.049615170800716,-0.113374410980638,-0.109151760170384,0.136018907214541,0.00714086082630594,-0.096150549599646,-0.0475649951328041,0.0491764212112797,-0.00539079384624497,0.0183637663436089,-0.210332022530167,-0.01319587049854,-0.0383667886378252,0.00905318116639653,-0.191777932127855,0.0402935161633704,0.0795343525097851,-0.0678041396846933,-0.0633951654266784,0.0920709583457369,-0.0528396449170057,-0.00598321730659768,-0.074777255416528,0.0767077210633167,-0.0325007925647514,0.0744860602490631,0.0122176052640306,-0.0830599075679963,0.0383841979428865,-0.0347327172894145,0.171604797200813,-0.172730450698618,-0.00479928701112131,-0.0985073564702574,-0.189460498571621,0.0783193534818269,0.0552434165990987,0.0366004643846969,-0.0821907390918373,-0.00229906050283901,0.02394393488601,-0.144989726303011,0.103532339371612,-0.0287421622608131,0.100061703531896,0.0772490702149411,0.10391591256851,-0.0481399923218282,-0.149713377808407,0.0629578800585491,0.0542890476941023,-0.030088549329311,-0.0618341376062723,0.0104952289764486,-0.0805998042852858,0.101371692294575,0.0543352580105216,-0.0265301289440663,-0.0667228628399523,-0.000845677835589864,-0.0479557291511039,0.0291728760303851,-0.0608239983344321,0.0997001225491339,-0.0902000687119191,0.0408294552617559,-0.0601021747461568,0.0699296616169729,0.0249383574198001,0.125618234160082,-0.0211060440069231,0.0617085210097761,0.197719826273171,0.0394566611166585,-0.0112184476807724,-0.0353762536203774,0.00157042014776065,0.0529649259866254,-0.00269982246098577,-0.0532319788708806,0.0625115868797879,0.0463315998823506,0.031056913719343,-0.0709305367080697,0.0908607901179428,0.0538917754479842,0.00294833684464102,-0.0357722845846986,-0.0224763841961808,0.0629424300051873,0.0130747147362122,-0.0359232235727509,0.135667421678993,-0.0299990707677917,0.00775778851018671,0.0692744593641965,-0.0897885313660955,-0.218435999491966,-0.0694014855649168,0.106802371094736,0.0344951107899087,-0.0997347069961476,-0.0124021539858088,0.0753408193764493,0.0729244901102573,0.00499047765362737,0.0532497146703197,0.0830801506058101,-0.0721470955894348,0.0336833007635384,-0.0324596998053348,0.117790417646837,-0.0821736318665272,-0.00969389231579854,-0.0187261012156617,0.0875032632673747,-0.1052083053597,-0.0951887050176099,-0.00319898151097231,-0.0219877376369393,0.142617032738829,0.00922087926383863,0.10327084609876,0.0502648153199328,0.0183198148690416,0.0355775853933611,-0.0907036338521285,-0.0935621074246136,-0.0395093834674665,0.0732350716532966,0.0308673311034628,-0.0220476529233373,0.130507776840061,-0.0309695374521066,0.0928822828933846,-0.0445379453254122,-0.0745130860317493,-0.0214304641818241,-0.0677698822084878,-0.0998750701626023,0.109238794813581,-0.0408345618147945,-0.0256118020833842,-0.0937147321997323,-0.108309895176367,0.10426503986806,-0.0320388712540058,0.193361411582218,0.00272224598917936,0.202855716043038,-0.00997075175478024,-0.0798424917717688,0.0445688574136596,-0.137924510130076,0.0306846341311793,0.0867541074511844,-0.0518153857679291,0.0331711811503217,0.0305506727899707,0.0531048324790477,-0.0523961211579094,-0.0195412079417716,0.0792266424487305,0.0163401431276904,0.201151579052093,-0.00280991097582284,0.0743478117462988,0.0157972976810603,-0.0244254956500494,-0.0538673877445754,-0.0266769061482881,0.212608469041896,-0.0943318144108263,0.00895454038176879,-0.0319021073660539,0.145719960601966,-0.0299951579747333,-0.11470893673309,-0.05366099502502,0.00116113175576404,-0.133091084245136,-0.0504668543587501,-0.151122357806931,-0.0302655711786977,0.00186336900588624,-0.0466961943589781,-0.00315789819341994,0.0647502697936899,-0.120333210673727,-0.0585815504164504,-0.0381546104610608,-0.0584090466292819,0.0948464542379719,-0.0443175557400277,-0.189753420257146,-0.0186676120612166,0.100642762868564,-0.0692847759424797,-0.123232253173679,0.0814546259673352,0.165186645433863,0.0882891115860331,0.00525269286405949,0.0499980072790724,0.0506011704656992,-0.0436821892869999,0.0783671360022886,-0.129111805047477,-0.0306608357725837,-0.142751069359035,0.00231522808596796,-0.0562564962591763,-0.0312815687986312,-0.0950960950029769,0.0441421061935114,0.0324595729423249,-0.00335417820465533,-0.085971690108837,0.0626142197675006,-0.0840872491919278,-0.0567214825141473,-0.0707018150722609,-0.0960416446716952,0.0452900850915334,-0.0361966009359009,-0.014985697684176,0.000553373060359075,0.0124305683842358,-0.0516473626984162,-0.0791342937001351,0.0518477412247815,-0.0814468891388378,-0.0626354224956067,0.00919608670902194,0.106890944493596,0.0777447827678706,0.053811315553745,0.0458322502351671,-0.0434123402934534,0.0519130453857992,0.224481465846473,-0.00659752095768251,-0.010124355996104,0.00707481048322922,-0.0871074508664806,0.00897597583265464,-0.0323878968083258,-0.0512754189709899,-0.107333438257538,0.0242899931581988,-0.0481555392914208,-0.0769069574610581,0.0408637050533298,0.0560061419591009,0.0392410457928518,0.0650749594600337,0.129264298753867,0.00788779376444215,-0.123758970138087,-0.192106155104601,0.078885462561517,-0.0246130506640365,-0.0216077123309626,-0.012277618604899,0.0279272714522181,-0.100264980752931,-0.0962283544906484,0.0734243263770176,-0.0663836321271827,-0.0201148004685292,-0.113432966993912,0.0799835300550884,0.106704954538985,-0.0453612500829954,-0.0309504468113424,-0.0616954501031239,0.113150936458251,-0.0494707350309742,0.120580340437948,0.0929719035250662,0.0494331977355231,0.117984760979334,0.0229378432375387,-0.0199916179205504,-0.0332197511249714,-0.0505816636561995,-0.0140440847718626,-0.0177486125541071,-0.0275850793240107,-0.0650794208047714,-0.0344035387581849,0.0277126527253226,0.0513411194138074,-0.00435793118631445,0.000736716450244312,-0.189530992093415,0.0615824630242394,0.0956902772306054,-0.124451178668689,0.0080068906095232,0.00685605143742474,0.0438623763349419,-0.00945144525166697,-0.0105926830194285,-0.00423614062183875,-0.0111633733255374,-0.0549682606447757,0.00395012144716111,0.165843160782294,0.0456625244047415,-0.00127309668763909,0.0835781249102951,0.0491990146054229,0.0243953027698565,-0.0437029293271158,0.0050538798438613,-0.035795039093597,0.0202594605992787,-0.0449604198191382,-0.100867139543089,-0.0763694778280222,0.0440107568128818,0.0172679788910208,-0.0157228647172811,-0.0423588036682143,-0.0313183740724035,-0.028164766619895,0.119045924551762,-0.0943705644692674,0.0567930585599088,-0.0546402294494688,0.152767092951951,-0.101808152008419,-0.142169755122456,0.0529291356723476,-0.0146252745496938,-0.0971219708895195,0.0132263721927357,-0.0513235220306703,-0.0154660485930078,0.0921015417324382,0.0240007109467628,0.0926939667432249,-0.0589666367958763,0.0123837470542421,-0.00667318700447028,-0.0964172585520053,-0.0815962363166993,-0.0757795196896405,0.0616126203346106,-0.135060911455722,0.0881136778246527,-0.0555110882145082,0.0124064640931945,0.0833168374277622,-0.0272338525094469,-0.0244651888080627,0.0917087814185407,-0.0133401819374521,-0.0451628723049855,0.0442226726251183,0.0169844400428762,0.0190379086806032,0.142537044706772,-0.165183365420072,0.101454224241443,0.0101661913744344,0.0673527159705634,-0.112186858133307,-0.0570145761749341,-0.112774763610427,-0.0437329512764055,-0.00474183747420964,-0.0593269047743279,0.0232208843887403,0.0303194305427001,-0.0923209025996101,0.062215398993801,-0.114782943519911,0.11937498272261,0.127018814532754,-0.068055485568824,0.0233876023745549,0.00616062629814618,-0.0281932955215494,-0.0199392498653603,-0.0983130952693108,-0.139757902384271,0.0841343803282415,0.140982059308439,-0.176275342715219,-0.00198089552494984,-0.0569979339177502,-0.174528848665121,0.132361438479828,0.0687123239753225,-0.0375785539170534,0.0101558937746562,0.0762438670074204,0.033638798746523,-0.0236569557085451,0.0917413421755537,0.0111557476773361,0.0950361483436917,0.123008050684427,-0.119291412252012,0.0133580573500169,0.0602444309648367,0.168242679938154,0.0385624926324848,-0.0216588983512134,-0.0310163912474484,0.0682035025451877,-0.0296460735535202,-0.057207623328039,0.0963599311381984,-0.0658806858877927,-0.0468473646589063,0.00111373053614772,-0.0921935776861518,-0.030739963181075,-0.105584719769001,-0.0147362636413249,-0.0106001406345442,0.117012248998057,0.249745618942332,-0.0924022228302865,-0.0390320163796378,-0.033153380557033,-0.116145415575332,0.00618207377692981,0.0490710880417748,0.00727819210620506,-0.050742261431528,-0.0493580961406677,0.0200462536447512,-0.0403074959571543,0.0611767963830432,-0.0426208774406671,0.0362797450601071,-0.148444807742872,-0.151612405405845,0.0826704674171392,-0.00076365771558784,-0.0193212300916175,0.0257180440883031,0.0408656455651406,-0.0473653176755819,0.0217335502702454,-0.139064561844766,-0.117671218251091,-0.0742389693512813,0.0491400918780647,-0.103925375781381,-0.0191167438524724,-0.0386853560501801,0.00989891322060044,0.00107990730386831,0.0235149453676935,-0.0722636919215471,0.0924195998560065,-0.053516515222733,-0.146377463246008,-0.0322443716067475,-0.123176973494062,0.0724134964635947,0.0450825851905887,0.0445739157309168,-0.108589631892009,0.184343072296066,-0.0735124564201231,-0.074184076880047,0.047655482626987,0.042333765986355,-0.030108214483298,-0.0628401397297647,0.072737208870677,-0.105665560140896,-0.178063740848995,-0.0667845640642932,0.064621304629862,-0.0525346416524801,-0.00397236171040038,0.100498952091092,-0.164216996276979,0.110963304054327,0.146661923914704,0.0353197270152426,-0.0944474016211716,0.168592994834234,0.0130858165050955,0.0944723915589547,0.0298738100108817,-0.0620251243364867,0.0294367571999852,0.00728939897908454,-0.162690198507892,-0.0760706729072602,-0.0403120111326971,-0.131126611226162,-0.193069257764145,0.0230797053537888,-0.0501659253825073,0.0128016076895037,0.0521415161444003,0.0579429498391923,-0.0318298144086158,0.0595760086309296,-0.0254730974143387,-0.00301136794579637,0.0486229202831512,0.0903822487420631,0.0203972757909829,0.0440149531970966,-0.0187912892430915,-0.0100646777091553,-0.0178476002935692,-0.00169235334857554,-0.0375979828623132,0.0624719733717345,-0.0593615581913571,0.010837957633796,0.0686053291859485,0.0293481178411883,0.152043769524781,0.0214029082887086,-0.0372200247012597,-0.192846111388633,-0.146944885795699,-0.0304417482344137,0.0273553153371386,-0.119876712461394,-0.00804705483029133,-0.0975621995007572,-0.0150878747560701,0.0370236219474769,-0.0851173480779068,0.118674349663476,0.0494748457230361,-0.108157875012045,-0.0448688193068492,0.206575206698992,0.296088338175437,0.0834557435432284,0.0135649388054664,0.103200241329448,-0.0409307934543071,0.0490077841558358,0.0489053607193286,-0.00532993355843514,-0.00839743875685883,0.0686534157519747,0.0695924356456754,-0.017821613456281,-0.0683873377320241,-0.0562496690654166,-0.058961123042375,-0.00195949276682716,0.0706464706183296,0.0826689530103408,-0.0719772636184715,-0.0640463333022923,-0.0712196657356801,0.0456267988566046,-0.0321180570730206,0.0728008184057107,-0.016852505702202,0.0820134713093761,-0.00695348124726225,-0.160261431090997,-0.0149689546334608,-0.00801184684647627,-0.010114059758993,0.000982504851114507,-0.176565005429716,-0.0112417719170388,0.0754265301784773,-0.134336813990982,0.0430105166518007,0.0150330219314267,-0.0202895617174366,-0.108131976929284,-0.150046062503352,-0.0482410471376049,0.0437780283007223,0.00644278122636943,0.0614780166556503,-0.0302853898594395,-0.145298485221997,-0.0409501221350661,-0.10089346446983,0.132350742172848,0.114157694388386,0.080661695086599,-0.00870379713176872,0.0356880966783741,0.0946431307503008,0.13147799114392,-0.0303812170779412,-0.0645156226335946,0.0621638197586512,-0.0636770464904091,-0.0641249230936376,0.077307804525296,0.170158381519992,-0.0380634178480181,-0.0150477565760383,-0.0998408086840179,0.0497331897975064,-0.116826241880654,-0.105415327405958,-0.0197744767995887,-0.0376583914671742,-0.102617061630854,0.0808879027932148,0.0951633488787336,0.0575115750139892,0.0149254932095559,0.111078590175411,-0.0185386275315937,0.169399356065658,-0.0186411200996517,0.0088215073636686,0.0107625256278783,0.114099228226919,-0.0862735848508547,-0.0227790062040434,-0.0103440662354801,-0.0463948935112235,0.0157479075976785,-0.0330305919392018,-0.143896535427973,-0.0115205053660885,0.0596585347312737,0.0777986520711167,-0.0237172253628315,0.0703946777553077,-0.082165484467688,-0.166504287978607,0.020599728900965,0.171239352755729,0.0383341708576159,-0.046155109894205,-0.0459375358878891,0.00177953741542547,-0.0774068613342305,0.0884305555451297,-0.110919028449896,-0.0200834036861135,-0.0148898002554927,-0.0421384605984931,0.0112848351446422,-0.100433841684959,0.0788089941924781,-0.0146839985951832,0.137497847865127,-0.0419162553916106,-0.0998003611519578,0.225248852913821,-0.131416304722379,-0.0371463418156459,0.112009868306004,0.0136097826824182,-0.114954833930546,0.201331026973619,0.105609043017826,0.0124958396937873,-0.105225526617899,0.250644876909101,0.0751043853808202,-0.065202371221063,0.0424700085312,0.00170711036496085,-0.0589993855843454,-0.0913865296774254,-0.0192934208066857,-0.044057966285532,-0.0963814393898561,0.0573869420714681,0.0908155891438669,0.0486231471983012,-0.00462529007060297,-0.0312217943163278,0.00589352825958356,0.15077950047889,0.0487035399252456,-0.0318911955812098,-0.0272218790344798,-0.08941621260277,-0.00160454710724345,0.00403900159241499,-0.0865746575561572,0.0241015808308231,0.036537012628107,0.0566135806607959,0.0227900765491464,-0.0815427265930206,0.00571062477657458,0.131697582299374,0.0802086588593856,-0.156183155970775,-0.016732533480349,-0.0350716449539075,0.0480617955424472,0.033779122118291,0.0729801308321654,0.00297353562877367,-0.209784835742489,-0.0288037979639686,-0.0524230260837064,0.0325056670661432,-0.071125446998443,0.0425853114573307,-0.101111659806542,0.0281648877569483,-0.083376707603354,-0.0156244724157499,0.128890143150786,-0.0575684950036188,0.10477463266012,0.0296400949746884,0.0432779238901482,-0.0123806608701145,0.00652497005763375,0.0864222238983898,-0.0418103277088493,-0.190711468752517,-0.0640107220598916,-0.0947027882295801,-0.0120948109716466,-0.104140581164036,-0.0162825756841052,-0.0362861411540396,0.0896688943826589,-0.0281721754525743,-0.112562078820462,0.133738408877522,-0.0572147531658338,-0.0250766587186422,0.0120769495771551,-0.0539073144035136,-0.19875487405497,0.161656164733964,0.0956225542429578,-0.208188385211932,-0.212398689382085,-0.131546758960575,0.106606462718698,0.111515968958142,-0.00574820592561398,-0.0537809764614225,0.0385253467369466,0.0345110913719278,0.0582217995758811,0.142261299669117,0.0739745744796603,-0.0617558805164351,-0.0428401269211904,-0.0645287744937733,0.00796987614593014,-0.158503334109422,-0.0954109890131294,-0.0398107426836387,-0.0291456568765849,-0.0559111536354431,0.0555722549701538,0.0129374484784015,0.0720897365858755,-0.0386262413486143,-0.0765149167145553,0.023917859922568,-0.0362194182855466,-0.0268924230680225,0.0284294309004567,-0.0360964096525782,-0.109254016701432,0.0450762145017083,0.00153962401665186,-0.0255090080034375,0.0833768062022924,-0.0365131251854733,-0.108297683518449,-0.000572251615225117,0.0398515165826681,-0.0226655103478066,0.12044872117285,0.18101344289416
0.17419634520008,0.04107105183295,0.102598977555036,0.0228284849919138,-0.0722379369575363,0.0838086621321144,-0.108275240373241,-0.0437300137430015,-0.164509751582519,0.0886628931838525,-0.00345554854375241,0.0575745896813094,-0.0190527259385465,-0.0300777788658309,0.179930564554861,0.0216215479016724,0.0101452878974246,0.0573199985856174,0.000403481577412546,0.0562461640071821,-0.0262046208953088,0.0331549122279051,-0.00477959069268152,-0.0240356786682865,-0.0614045735373674,-0.031647384979498,0.0060698646898385,-0.131791765739774,0.126774367420719,0.0289569777096514,0.0288612896172502,0.0127342409294326,-0.0482842481496606,0.0445874676603937,-0.230203895682282,0.0196994871364318,-0.0836816898550712,0.0120600961792736,0.0626749669507989,-0.0254959731301754,-0.027231423147267,0.090914004792424,-0.143290443468791,0.0268876865887342,0.00598530449084267,-0.0551785513991225,0.00467534145489701,-0.14535104668516,0.0497790668541704,-0.0155104997567035,0.0234255461595589,-0.0396267945932207,-0.0134908814205907,0.0776494607245861,-0.127951302698343,-0.0209021357472201,-0.0494241652739187,0.0507848280120724,0.0125002936824898,0.056805439006663,-0.0287461210992137,0.038011788334019,0.043036416662634,0.0760713861831528,0.0582573935343103,0.11962070443879,0.0611679408146808,-0.0505957343140317,0.0795612230242615,-0.0801434769805973,-0.114837678944863,0.00893078561509952,-0.035542938771147,-0.0257023363120794,0.0307030617245947,-0.0256895406587097,-0.0176954062287042,-0.104586617786995,0.0524707891841818,-0.103841517439206,-0.0699272932732304,0.0405549535155516,-0.130643288891414,-0.144114061378135,0.0401079799597857,0.0558200962323621,0.0251832571618449,0.12491662826327,0.0382428768251981,-0.0489138829033235,-0.0340750275240778,0.123727154897093,-0.0734405718958122,-0.0604079712763106,-0.0269756777152566,0.129530555963518,-0.0421337779364324,-0.0415304562311283,-0.0967620560214799,0.0288380472748777,-0.0976553367006887,-0.0194692589081562,-0.00254197597475869,-0.0690092216920721,0.112782233328046,-0.0104854893409092,0.0490356878918643,0.0825868347767644,0.0451192728812764,0.125427240642519,-0.0945813771615236,0.0537903527815775,0.0291002782470082,0.0349624705397522,0.0940976136211302,-0.0590389584931561,-0.205914082356785,0.127560622486197,-0.0292010212447069,0.116699698172179,0.0859317924596479,0.130256521266145,-0.0394738175922567,-0.0637676265380764,0.0154250333325621,0.0906649627375455,-0.176347046614871,0.0438026500733224,-0.0986858056936333,0.102907446289663,0.00462618628857747,0.0809732714192348,-0.0677559810747663,0.0417124056213656,0.0155536102368836,0.132250609992917,0.121055783526971,-0.0494873828492111,0.0180224194891072,-0.0045336834854961,0.143198196966819,-0.0176948185105994,0.162652415183637,0.0333320123958862,0.0260235202344865,-0.0972322094471294,-0.124225988262188,0.0672437263467778,-0.0218960442036478,0.0846739556008658,0.0213433676450414,-0.0108518502493045,-0.190766365469212,0.0061443727154884,-0.140376707389468,0.00291272700190248,0.135421889228657,0.102112751129548,0.0742626790336689,0.0660700573703816,-0.127358207394512,0.0391424561777702,-0.0658522764603902,-0.010488723069761,-0.035034071637551,-0.0703154823912908,0.0396603828778943,-0.09333503213852,0.232558990472861,-0.0172138078062343,-0.0439249909465982,-0.0945463170037817,-0.187671767925911,-0.0406637305852349,0.00691297215304099,0.139167952726122,-0.152850447387141,0.0220415736407409,0.193248180515592,0.0254844077505294,0.0398543036087051,-0.134992298432204,0.0197424179494363,0.092166357329575,-0.024149631294061,0.0129005078076116,-0.136668811288028,0.0408511209480551,0.09126192921656,0.0503739074897176,0.105781447139962,0.0456018230513591,0.0906086803727932,0.0345285606182206,0.0359866013997765,0.126559467678069,-0.00473865572707499,-0.024540345547829,0.0793352788643336,0.00735176230092338,0.0311362650167808,-0.0522699930548978,0.0173280099499842,0.0888579067061652,-0.0393788462260396,-0.065121434427148,-0.0543865969098012,0.044832180834387,0.0324014858059032,-0.0355422095500004,0.0219202428535987,0.0901844644314944,0.0239662043336448,0.000854127174990893,0.0690811528286008,-0.0298650135186307,-0.0670072171402185,-0.0354990601889185,0.0156652922136231,0.0264488560896496,0.0223508218187374,-0.0402234653067994,0.10598883716707,-0.144953904136431,-0.113733298596369,0.0307005431206178,0.0461441467997452,-0.064997877902488,-0.04014877405608,-0.0316953597333969,0.0225256130454754,0.0385221193453358,-0.103926200579782,0.0808311133381867,0.234938346213669,0.0569604207109724,0.170842218031371,0.0680733575098247,-0.030764373479931,0.114620463370002,-0.130815411043607,0.0461462922306466,-0.0705958572717997,0.0148148685384637,-0.0990116160234935,-0.0571181698221079,0.0465345624857672,-0.0421325135573003,-0.0745453128189077,0.159630685609522,0.105877624859798,0.0715037629107664,-0.0939148532531728,0.107901779407277,0.101212765467028,-0.00156529013779449,-0.00632916950765683,-0.0395783296543102,0.0531138204320101,-0.0521656953693985,0.175109971171716,0.0012621325245461,-0.0746099102225273,-0.0106225901625887,-0.0148951775963493,0.0191563970707378,0.128702707473826,-0.02319918493516,-0.0841920062059658,0.00481921931567353,0.102146852805801,0.114957215402418,-0.0549619137226953,-0.175929216766843,0.0570220483473527,-0.10417319316273,-0.0504035247072681,0.0235616989990324,-0.00833498968174817,0.10882221192082,0.0740687020441984,-0.0279530990641423,-0.12439047241608,-0.00613707718223111,0.0708102771457702,-0.0559942415561032,0.124993479383446,0.0385901103772093,0.0408296988325041,0.0403607152222183,-0.178531399470947,0.00270416144958285,-0.0516257971738692,-0.0184745739414636,-0.0988202139340029,-0.0951547549972642,0.0622340479439192,-0.0943981089339898,0.0592972175640896,-0.0360778133688928,0.0980792859171302,-0.0728396481592233,-0.00365095601551646,-0.0518010822629926,-0.0131071369251115,-0.018679138359246,0.0222049981407535,-0.0145565650239678,-0.14202060638454,-0.0319048399048056,0.0864618901725591,0.0238031111936099,-0.0504559641313826,-0.0872323255793797,0.175657071186868,-0.182311124587097,0.08135833094213,0.0816278775789905,0.0268912076991357,-0.0299794680437824,-0.0390505225862974,-0.15450654215111,0.0856310718490516,-0.0160302695949697,0.0333647556211298,-0.115520200004315,-0.0873756922200366,0.0302149584724056,-0.0281632088962493,-0.02826539085678,-0.0545272068830522,-0.00687158940481281,0.024254254795143,-0.0334414063763862,-0.200555140002151,0.121330252862204,-0.0219158102825623,0.0985666522250548,-0.00236978856495496,0.01707534729705,0.0557810696132071,0.118651365057285,0.0087448779158219,-0.0107758304015251,-0.0604325444192364,0.167594595259702,-0.00670550323109076,0.00955004312969865,-0.112913056361457,-0.0142119418006552,0.132005810275908,-0.0681048134528486,-0.148093416271836,0.0454168470394738,0.0659467412272217,-0.0145550081138475,-0.139221196296464,0.0577311033715073,0.115090445241503,-0.0505575816509367,0.0871349414614255,-0.0590663701070775,0.0179388180036906,-0.00899758183637145,-0.186148888656862,-0.0743155468496255,0.0477823547056611,-0.0261705902881308,0.0838168894795799,-0.150720916534488,0.0668448638591697,-0.125688376306188,-0.115033452832731,-0.15528229277398,0.0945221456741105,-0.0671400698597884,-0.0564218075869585,0.0150810300701134,-0.0813738654126008,-0.171316704157116,-0.0137617976997348,0.151865307132578,-0.0289301392552899,-0.035734103167341,-0.00416112789334822,0.162024505648464,0.152376109915799,0.0299534899580172,-0.0196743196763527,0.0365412054652252,-0.0121526145816024,0.160756745207804,0.0667810594126639,0.0122447971753186,-0.032100871940874,0.0145174206470076,-0.0648308000812299,0.0161929574184396,0.0320781679482485,-0.0517781226266232,0.0162622626674538,-0.0116067884450959,-0.122950370994017,0.0643944497396454,0.183980863495077,0.0293910671967135,0.0525607271370254,-0.0400380363824882,-0.0293609746813805,-0.0460562614442028,0.104384661430844,-0.0423429159780477,0.0806708399557567,0.0441923061810638,0.00542078027909798,0.0867152451363502,0.0619354216541947,0.041711008314794,0.107886111141623,0.00450427089571281,0.0273035834758193,0.10119017807003,-0.0242350520354018,-0.054380143246946,-0.0105612219812232,-0.0225559442494516,-0.0745635719191675,-0.0845308435815095,-0.125743439416743,-0.0409872763071712,0.044035867367906,0.0402166168247582,-0.0363803165794327,0.0805428919633586,0.0590909876631296,-0.0187822773025901,-0.0242848189848619,-0.0527709450518281,-0.0388047248622732,0.0174314175883601,-0.00489519246291259,-0.0235228729537091,-0.101140454220462,0.163947819392817,-0.108206659371677,0.162164706336567,0.0133244826750007,-0.0758910111012137,-0.0564706560427832,0.06045837110053,0.000379523082451483,0.0341279825275249,0.105381191447198,0.0377578619893282,-0.0261857032627559,-0.0743709303386302,0.00462525967650018,0.146361172645516,-0.168673998113931,-0.00293986611050823,0.00402435819843472,-0.0155839748278628,-0.0454319712702471,-0.0609556842930967,-0.0680527228826344,0.00637351332352853,-0.100553217016238,-0.0264529060612406,-0.00937885729094745,0.0141462325509085,-0.107713905489399,-0.0582933383343094,0.0807517301816139,0.0334885627696877,0.0797418925093805,0.0832923684690416,0.0227978902579722,0.0056109032555236,0.0140334116279504,-0.0769852759943008,0.135539597499677,-0.000430744767659252,-0.0177151766017101,-0.149987524173164,-0.136682966992975,-0.0232954812394741,0.0405959803960834,0.121814345714105,0.06697266864758,0.108654327427093,0.0919523387088081,0.00872574226840683,0.0854772332755109,-0.0685510851211961,0.132503763484288,-0.0385614339788445,-0.0617852771124818,-0.0280261469714986,0.0857498193025306,-0.0110544742019316,0.0883431452990129,-0.209868939846615,0.000609328636400841,0.0910274090546015,0.116530941736635,-0.01909416103332,-0.0806754286039091,0.0559125687797264,0.0922418124713751,0.0501342877263053,-0.160324624473789,0.0906409475420495,-0.00924602525602847,-0.0183957271016228,-0.036683683646662,0.106221603291267,-0.207473260470796,-0.0282943753261309,-0.0501594136134407,0.0862243687817044,-0.0652623106901311,-0.213266925091251,0.0757250391226973,0.0113685832839021,0.0201826602983146,-0.0207676136534909,0.124334549101891,0.000677431684437124,-0.0603027931963109,-0.116425087168216,0.126228968178267,0.00505368055044197,0.0608816027694388,0.0833752443061087,0.108055653294462,0.0737408458055377,-0.0807922957487013,-0.00602563919676635,-0.00317801767504111,0.0153894075706664,0.00899993939135424,0.120720583409768,-0.325804421097982,-0.0276555162054284,-0.186801073660843,0.0884509123334847,-0.0243129289008968,-0.00515850620851621,0.045665721831381,-0.0363994417197024,-0.0105034669835158,-0.00311502206897618,0.140105076960034,-0.0913256070445336,0.0495566037558262,-0.0186355221690486,0.0327795520238485,0.0112706438222885,0.0295788732476154,0.0575452011815429,0.0135474626955678,0.094305110427948,0.0784746194709816,0.101437122916915,0.0445332447617215,-0.0253753305243927,-0.000702473306617879,0.067864706283566,0.0208527212781933,0.0494602554672872,0.0129611801935345,0.0527318233731466,-0.0405322171661533,-0.0716567879260164,-0.0269457916082381,0.0556304768883664,0.0294181769940205,-0.0554123074043957,-0.231516975734298,0.0985563703040826,-0.100913694840181,0.000490887852884647,-0.0444820978238925,0.0557348642994087,-0.0370510986591546,0.0408917647885223,-0.0960029700345086,0.06424431257809,0.0244873796996146,0.0663568361185145,0.0519872205704801,-0.0382409747761612,0.07710212694376,0.0306009412923394,-0.00336383132141416,0.125070184909639,-0.0762099140669461,0.00312774048745545,-0.0309984499258915,-0.0450993663939978,0.104444496804198,0.0495879695720016,0.0890705997711194,-0.108675933729258,-0.267826987268597,-0.0405063754760975,0.12085148160978,0.170863783751482,-0.0137907060947478,-0.0188256414401429,0.0463823613107597,0.0736839825382514,0.0400781391553038,0.0236102363438018,0.125014543923484,-0.0694942882709628,0.0402464853359881,-0.0354184973920901,0.00412025771453028,-0.0401016098457934,-0.0778814067106168,-0.0201569764534986,-0.0524313250107582,0.0142878021993176,0.0400063595631217,0.00394979255551053,-0.000145299394675558,-0.136145686492272,0.0160602275228903,0.0417347020863992,-0.000646036668211281,-0.0788847735600067,0.0294503231095566,0.0303718126242625,0.00930932084094072,-0.1951580663571,0.0676570941335826,0.0182637921496349,0.0495842347381692,-0.0429799332696614,0.0939661418904989,-0.0840337180698567,0.111325794917394,-0.168827755719988,-0.0157393359382061,0.0269527352074621,-0.147014270053962,0.0764545917877455,0.0852644877362914,0.0895562800551164,-0.0330975330695864,0.00343426093857335,-0.164717154328396,-0.0387235056706929,-0.0844280586348529,0.0302034304735888,0.0499662168505548,-0.109058350332497,-0.166573987721116,-0.0288288616256906,-0.0961904074717301,-0.0321174593288314,-0.00898499234939587,0.0566077564958967,-0.010766728334886,-0.0469399142789015,0.0315976887052027,0.0920222613765103,-0.0125784388655461,0.00903875177389057,0.102752644403961,0.0744211641938666,-0.0622147149530927,0.1508471836582,0.0220835666181736,0.0274470999064342,0.00979797689214745,-0.0330468843067817,0.0349171611679888,-0.0642691251292771,0.0426032263905014,0.0890873915633696,0.104093542660614,0.0649148000599933,-0.163077701631812,-0.0115452488721517,0.149517287286618,0.0438448934840956,0.00909535426541863,-0.0399655363401612,-0.116356126888814,-0.0857915010222294,-0.0848563442391859,-0.109807599986143,0.119107687368361,0.0272290069793177,-0.129687777539699,0.0396886163516517,0.0159711333656352,-0.0357324634240692,0.0061884963994614,0.0157805406118978,0.0535271074617674,-0.0825472094421684,-0.0519024243811175,0.0597695562518172,0.124285065574291,0.00320075999343761,-0.0473870638763847,0.141366787912172,-0.103333074425378,0.044276917838451,0.0949421535347073,-0.00492862448027065,-0.0802284271997036,0.0802681350866723,0.13400051994391,0.0277866471680128,-0.0237754228763838,-0.114620708707768,0.072790800760675,-0.0450382682298693,0.0262280953021268,-0.00680481937194477,-0.148244994273842,0.0390315027299235,0.0109300572196183,-0.0733368771334426,-0.0228967308915928,-0.00941096334352132,0.053203462918693,-0.0690653542350645,-0.0872700675644129,-0.0469085160737577,-0.0414633931771187,-0.00965164358649551,-0.0212288144241262,0.0981313954668095,-0.0125483328665292,-0.0489918421292943,0.0428433580980152,0.0204844206134565,-0.0564408202603426,0.0123357898447929,-0.0817870884464473,0.0120080607837671,0.0917319969520403,-0.095786304327798,0.00485485828748722,0.0817948790330629,-0.0946432429401538,-0.0419543956852024,0.0362070201399922,-0.0888307739057828,0.0656363087890759,0.0461983262824468,0.0288170997429031,-0.0826959479439022,0.0553550186066707,0.00721345031333409,0.0369028929692281,0.163300773735036,0.0464975549218853,-0.0152692196279114,0.00994725991406153,-0.0130212613107479,0.101040651271246,0.0619039883433363,-0.112744502133998,0.0257315030656491,-0.114818793505552,-0.0816031230768606,0.00154742720104784,0.0357706197534557,0.185255617437128,-0.125710739246576,-0.0697029545814916,-0.0189996073878809,-0.176245365487255,0.0684908996367,-0.0652126300666458,-0.152750224565642,-0.011283138536518,0.0230900295224865,-0.00965834100389218,-0.0362054057747381,-0.0421532281528134,-0.0783294224735358,-0.070435294307746,0.0706979206007325,0.0194212911585256,-0.0092047745568431,0.0372246427918155,-0.133488108631252,-0.154509926257786,-0.0886785412633233,0.179678643323691,-0.0846596582799055,0.0258357632735857,0.0079795313287867,0.0171926192396716,-0.0160303826938728,-0.181271617274869,-0.00943516150550838,-0.0727129951015884,0.00425226054211425,-0.00178619273663072,0.0147394371396468,-0.0699613127249341,-0.0788031295221177,-0.184667676297067,-0.179535709185038,-0.124702737611005,0.00919271531665844,0.0181279861331927,0.00892789243861958,0.0125728708022534,-0.062819244221707,0.118615611702904,-0.0749191798851609,0.110631530335007,-0.0241132313313974,0.0233834354759015,0.0232348539989289,0.0325701314371787,0.0158302957209495,0.0147896332324735,0.0294560537547888,0.0803489966548623,0.157061352799638,-0.0101015022916178,-0.123661716625371,-0.02050446755882,-0.0994404612238489,-0.0245098073317451,0.143458458158544,0.0946518394469273,0.0663479615834905,0.0881598273684252,0.0308387007788624,-0.0577824906771705,-0.0292823445472692,0.0118312040533675,0.105668418728232,0.00494611118524046,0.0350586205769352,0.0201773695983052,-0.0797147479364959,0.170865802936928,-0.0623472208098956,0.00311882783427819,-0.0397476460845434,0.0358187761764033,0.243563824959761,0.0254719699296304,-0.0334275124613392,0.0638768408300865,0.029915278835789,0.0212457273604669,-0.0451423218551374,0.00572485995804284,-0.0806673616875146,-0.0766843316972659,-0.0522980181533561,-0.0472051771038586,0.126179868737292,0.0974839535051304,-0.0547452180979509,0.109663103672482,-0.0255022773395472,0.178480918783875,-0.00586054526605917,-0.0699111212719883,-0.0461225129431524,-0.0637228737136182,-0.0334018715045676,0.121498895338176,0.123200479337503,0.0126797153902727,0.0417911192716611,-0.0396073613973407,0.0442996928611212,-0.0579218311510967,0.102719344770582,0.00448531540211583,-0.0455433370269054,-0.0660878592890612,-0.0409845827825768,-0.152279467271973,0.150311473575634,0.0153777311017074,0.140097738997605,-0.151177298314392,0.0376023083342356,0.0683386001552435,-0.0484792640978076,-0.00636499845574834,0.12899316929569,-0.0462158449828571,0.076123291944199,0.0972497610365401,0.0523285371831106,-0.148338926314432,-0.0105379686144547,-0.0564205749914395,0.0245349244994553,0.126657422194806,0.0346964493645776,-0.0360472719583287,0.0766823436566835,0.0947392697058704,0.126004764258514,0.0719162212238382,-0.138344834324371,0.0554154849447359,-0.176777123645321,0.208567506999972,-0.0962195118967952,-0.00491564356719687,-0.143269070093199,0.125047516342299,0.070977933644552,0.140752210582687,-0.0286049511567485,0.129403755155261,0.121586019293105,-0.0235175409655612,-0.0100612214846825,-0.0267349631192442,0.133345908309381,0.0260782532598582,0.0307354404157127,0.0717782003059892,-0.00284044494304414,0.00342517110131446,-0.0616791195949151,0.0411665062309576,-0.0903763094353409,0.191919957172811,0.173581378559946,-0.0425045693698096,0.0396117183590048,0.121920292122444,0.0983134949495272,0.014493818946067,-0.0442116861698811,-0.0230191932882304,-0.0374095501143472,0.0680884855996324,0.0584633140449968,-0.193948140574515,0.0927715167872796,0.0771277443688749,0.125735423904265,0.0845138013790114,0.030337166518581,0.175149738266178,0.0724765500208919,-0.169930837740695,-0.0520242050178439,-0.0578634738873784,0.0965317722230241,0.0722769876791052,-0.0237704590654686,-0.0696066193943907,0.0340628186998175,-0.0571558182345244,-0.0238363678968216,0.087950443983611,-0.108438918467674,-0.0646489967761998,0.0899445500136831,0.0435217686220994,0.0158015762222636,-0.214457018878583,0.0351752968084091,0.0879535283167985,-0.0706479205815254,-0.0739182595843051,0.0737859615344738,0.00979386071670851,-0.0481388373122664,-0.016814586341686,-0.178564721176052,0.0340105793137409,0.104293740676016,-0.0341716857821392,-0.00806134587975205,-0.0476849519924816,0.0554506733325981,-0.0580422271792034,0.148316349161247,0.0311640874001045,-0.028200635247519,0.0382420066443954,0.0710294972519816,-0.0240227051781088,0.0491455372696887,-0.0670367194812518,-0.0396889218470871,0.0810448981073097,-0.127666016275132,-0.0447444514665163,0.166265883309781,0.0562104591972199,-0.111493768652903,-0.0978910668547366,-0.0641207510176205,0.00164767231234197,0.00356387574860628,0.0715368467595363,-0.0290762972145431,-0.100281571270707,0.0268636161140936,-0.0423248896050019,0.0538492754843163,-0.0812717890914745,0.047627652905204,0.038940483086529,-0.0371078783681886,-0.131107892516339,0.0639720659668364,0.0704104457241621,-0.104318506838717,0.103568137354116,-0.213646548431516,0.0130955306504257,-0.0895527193413566,0.0244943272048377,-0.0329085153992641,0.0651732718302516,-0.0266570102030181,0.126919000082008,0.136653339458954,-0.0091660462172829,-0.0145084519092147,-0.157709674453609,0.134198376554294,0.0109079724303993,-0.0640108736689324,-0.0708288050954491,-0.0360319805835738,0.101536067104366,0.020882726602228,-0.0719906285342624,0.0572964284298441,0.0159371598860205,-0.0882634714076378,0.000230530050873368,0.121033388036737,0.0784231228919012,0.036409035024489,0.103823848139441,0.0446232245459046,-0.0260249911587325,-0.0500660604681036,0.0620044380527811,0.142413740444224,-0.124257385853139,0.0904931965565638,-0.0582376263923177,-0.00346754999813115,0.100148316603955,0.00185674904919741,-0.09783647106413,-0.0193130119117049,-0.00173611789332151,-0.0844609065390625,-0.00210370091227352,-0.0326488787021999,0.0236783838284564,-0.0692722862713868,0.0212058840187495,0.148923894053012,0.0583531609940007,-0.113854552047943,-0.0116870913025227,0.0624707963832716,0.000442550838246181,-0.0876965931916427,-0.0555148428558736,0.0999668625927532,-0.0348420536903706,-0.0260089473229619,-0.0292883856294663,-0.0419782308696397,0.053752679681824,-0.105150719020437,-0.0727514075245397,-0.0568058863092222,0.0822045319253462,-0.137493281024571,-0.0201555891834451,0.00173752889715351,-0.0537740379921177,0.0783360281447847,0.0442639099439428,-0.0477125699191343,0.0172475107037964,-0.121625685990325,-0.165280238691673,0.00892577220169333,0.0572955593764526,-0.0762902373026768,-0.00568656616967278,0.127574975144845,0.00345889494442608,0.0688319082650211,0.0870490009449685,-0.0353665809686987,-0.0223312046464477,-0.139098823390085,0.0126850148541768,0.175677489357995,0.00220010024513861,-0.192153754615265,-0.054788709647386,-0.116338743562015,-0.0798454364660133,0.0346712651188632,0.0295846342480557,0.0187537624752159,0.0117157630438602,0.180076671161409,0.0970089600475097,0.00455799131255796,0.0979678601028775,0.0615172755601558,0.0224261833462576,0.0971350937469306,-0.0436348251902183,0.0258958336680668,-0.0951448192457236,0.100901099257269,0.060109294158297,0.179909588660738,-0.145426565789199,0.0924706684222287,-0.0342057254108452,0.10820377204798,0.129364701836067,-0.0379951811148973,0.0550178500876797,-0.0592120291957272,-0.0683568734190008,0.165041546961279,-0.0830654853161024,-0.00585563182041149,0.118797540509475,0.137158592537201,0.0751360103733003,-0.0219402184167103,-0.0855374094847758,0.0423310465951441,0.0829967783770584,-0.093627579102503,0.0820180606312226,0.0779567564857846,0.0126884617901739,0.0803294841404192,0.0402701267956957,-0.172311324727178,0.0594781211575466,0.015671257845902,-0.0180503094233502,0.109514549255069,-0.080922183334005,0.0033686914118265,-0.152625853985531,-0.0282238656674947,0.0463144987179787,-0.0394611366783204,-0.0498338193351842,0.0280385356409882,-0.0474038176151694,-0.173948381838096,0.056352346342025,0.0296108125728431,-0.0605371630589175,0.0697922895868497,0.00019411809105585,-0.0291783540525392,-0.099873298895008,-0.0381276671258073,0.00585303110752289,0.0888692326096481,0.0200062157587224,-0.0205591244675789,-0.0443215446817615,-0.0947341320877584,-0.112134409508114,0.00861200828409459,-0.055176384382134,-0.0190512462716468,0.112501206490069,0.0853716265862658,0.130333094984852,0.0427144946565041,-0.0776221147151857,-0.0437157038490863,-0.0545436288471506,-0.044353023404224,0.133683161955737,0.000997890450875172,0.167747155866068,0.0057921335087936,-0.0633948375341937,-0.164278175883026,0.0543711123274919,0.0337345573299621,0.0382169665863183,-0.0337065603209288,0.0227010012486728,-0.161250264575698,-0.0019170459348099,0.0409709065096515,-0.197145100067252,0.0365099405333784,-0.0485049585728108,-0.0611278757099036,-0.125834073483717,-0.106522123235228,0.0581470489663998,0.0215192956795258,0.0610297964552524,-0.177161541154378,0.063796659551552,-0.0628702036420346,-0.0996430008354787,0.149065268135558,-0.0735580399344284,-0.0487472663507926,0.0187674273112777,0.146909178635313,0.0406770606275655,-0.0404315718492869,0.143855931568558,-0.0455000739642326,0.182107777967637,-0.0791182662185861,0.0534220172999573,-0.168400346182806,0.00719271638068797,-0.000637237282269609,-0.0217538251890175,-0.0620886913115566,-0.0253804154948565,-0.130174423118506,0.11520545481397,0.0356188142904763,0.134461829269783,-0.029772984861907,-0.0859565968001688,0.0739819293849751,-0.0813992237171979,-0.0398325138098303,-0.165496706286954,0.0184524357593752,-0.170751674787031,0.095191980913772,0.0452191461511144,0.033499289654916,0.127078730749282,-0.0625378756988226,-0.0437409016611818,0.0521627349249303,-0.0877407323575299,-0.0228712026168907,0.00533312340303382,-0.117142857359687,0.0837603742459287,0.0229875561757757,0.00843733045994366,0.0467709631648263,0.0303963180446614,0.148525081951434,0.0390605992081614,-0.0539600306020085,-0.0403214312285827,-0.0156061348101924,-0.164099686566779,-0.0918129254677895,-0.0912062004427483,0.1796405901309,-0.00188684052383703,-0.0124880558675615,-0.0440156027940848,-0.0820422902236215,-0.00289470951239812,-0.0465718157354429,0.0441328372594774,0.14482944327793,0.0999106260690434,0.0771665315967944,0.0500151227608931,-0.0826607484599906,-0.00875114051798409,0.0497940197888189,0.0143287895632471,-0.119699405024457,0.0159535001968953,-0.187077305905083,-0.187110569014642,0.0899202533034211,-0.11144030750422,-0.0255123386983014,-0.137005196334754,-0.0254399139922059,0.197730406156563,0.024286092594251,-0.137468975562538,0.00559194160504006,-0.201362029741766,-0.0537658807690571,0.185218252464513,-0.0454867086481601,-0.0410830821775887,-0.051233979391001,0.136630288345144,0.0422106913689411,0.122554066266086,-0.15023299541644,-0.0125456629076144,-0.127413252001173,0.0091822525521037,0.0791650458162267,-0.00577843230770192,-0.0945440726747533,0.0812204782950281,0.00941870620812368,-0.0675073611333969,0.0220576305660423,-0.0592740960420586,-0.00674799529892889,0.00632837327150826,-0.0130761317255246,-0.150255098372747,0.12205318862638,-0.0184539050958197,-0.174863220161849,0.0728134164493892,-0.0528861447400963,-0.0533980338190103,0.113012921528912,-0.020198021447265,-0.124122053887064,0.111755540905503,-0.0803421312084218,0.151853809455936,0.0220264816471141,-0.012408859977449,-0.0192539697716052,0.105851805510655,0.0457684160148539,0.0885480467434701,-0.00125777480182165,0.0857957840897985,0.00175749325261609,-0.091351606921537,-0.0148873598926578,0.0289042100024883,0.185831911783597,0.114465092321498,0.0431142202498263,-0.0657515094244765,0.0269142098704953,-0.117456247441829,0.0496915024099622,0.0109866709913189,0.00890048915411468,0.0480015465689831,-0.00419070479574479,-0.0611690637012874,0.0547631639485908,0.0937816042400446,0.0392141807877371,0.0295726446682048,-0.076493433604786,-0.0495331230158556,0.103958856669754,-0.0426370105793779,-0.0255928536326682,-0.0253068675182377,-0.0103543497848717,-0.115162344109518,0.080498728176758,-0.0500764483297553,0.0202382489788806,-0.0946313526870326,0.113850098133133,0.0106063084151207,0.145585093577633,0.00250331951824156,0.0272404695905357,-0.0353082492262691,-0.0131984502825198,-0.0648362821577027,-0.105078736277925,0.087343968600075,0.122601717676478,0.0594606411222631,-0.0181945560562462,0.0260503304554081,-0.0229161221585628,-0.137920138166375,-0.173729240333095,0.0103653618510655,7.80069138408557e-05,0.0490028476706441,0.00118247011659345,-0.1135515784429,0.144125526607053,-0.0792942456474197,0.0524476988633893,-0.0241688626902836,-0.114824019533792,-0.0680243135481184,-0.0800468037290476,-0.0753865404836174,0.148200387203197,0.0246308117823189,0.0513066269636537,-0.0535600656538699,-0.053975817224686,-0.00608613348320297,-0.1269116800646,-0.0145889485833961,0.0149365432598902,0.107967318908298,-0.019613633425954,-0.0903472627944408,0.0217303409657044,-0.0167613880277449,0.0558264858810626,0.164658883607838,-0.0563654830616716,0.0389721265085394,-0.0787576648700412,0.0584844742443091,0.0045890962215176,0.0347732261676641,0.00462222685827407,-0.111771474950506,-0.121161650714734,0.169996809535508,0.10448028098273,0.0228593937474257,0.056335874690288,-0.0906243875456285,-0.131438412757249,-0.0448199407308425,-0.0852292018377163,0.197167935234559,-0.0405694833267765,-0.023966161270915,-0.112568263249485,-0.0498023876914475,-0.0535157162908177,0.0978453494834435,0.0599514464200346,-0.0244467364311332,0.0590535854830976,-0.108551787980239,-0.0380817626939733,0.0275965419130415,0.0252579231340535,0.0464115402869436,-0.163301637187178,-0.0305490936168331,0.0202461555511881,-0.144884904152014,0.0103943855245605,-0.00436851073273026,-0.0085032194744552,-0.0072627553613378,0.0518960896438219,0.098553774669953,-0.0207661336568883,-0.0261839253557525,-0.0885967842909361,0.0639310195979357,0.031402251147207,0.000910176641208515,0.0865796182673702,0.0811601969241491,0.0344161913028547,-0.0437708148744194,0.0156473765046674,0.0659007336814377,0.00556797004559417,-0.0817850411250571,0.0295344250192615,0.153484722645841,0.0557848602457987,-0.0335899727537536,-0.00978820627467059,0.124991949795437,-0.0110926506173876,0.0700421317852871,-0.0776019588141255,-0.0116352498252521,0.0195801266940108,0.00978821521507633,0.017373893870436,0.0310038008647049,0.0545687798583072,-0.0210248186041175,-0.0353446294330797,0.058247511165709,0.0697935913347099,0.0530156909351507,0.0308472674819131,0.0179567568033603,-0.12082217967268,-0.190269339193082,0.118867165862773,0.0991714046010066,0.205880696008405,0.0283686305831388,-0.0354247222205668,-0.0157539146470622,-0.14845538441861,-0.0584000094680652,-0.122244484520569,0.0814200728874301,0.0248838908820612,-0.0496784668893961,0.100591949686443,0.173993418717096,0.13422116175218,0.00973363874583488,0.106142800268313,-0.0260214179582494,0.0418782757899789,0.126635174452215,0.00317178337718982,0.030354602165507,-0.0879280102638549,-0.0189502006966733,-0.0531522336694588,0.017674931166066,0.112690446662658,-0.0200698909045061,0.0292329608101027,-0.254728401278326,0.026477663927559,0.137942630162752,-0.195209590141084,-0.0438067435092582,-0.150424210696837,0.00459768426778728,0.056366690592643,-0.134849899518057,0.0931515410416395,0.109239703748382,-0.129482285103816,0.148254418160148,-0.0533084117648643,0.0154731457314345,0.0350098965200722,0.121269472447159,-0.0370309209547051,0.00115830324561861,-0.140339862328987,-0.0965657243265996,-0.192010878987667,-0.0993452252636575,0.0185979094558699,-0.147780268468061,-0.00414934919708543,-0.046757050092467,-0.0585013931716762,0.196819176998837,-0.0439237848733933,0.100467043109214,-0.121404878388638,-0.0950569349915358,0.055707148948533,-0.102337476586323,0.0836665321794012,-0.027554504143211,-0.0104697593840957,0.00208819728573895,-0.0473205430281198,0.0284638996409905,0.090545489091582,0.00617837781177899,-0.0423317538093819,0.0529799424396833,0.131155473457799,0.104636722748355,-0.0484492734893633,-0.0781000225793345,-0.0530807204129458,0.0603272708820182,-0.0155617819395006,0.0203527491576321,-0.0332284236892142,-0.0354906650494202,-0.0389992989249874,-0.117726255560402,0.0316673488851176,0.0241065809524392,0.00912737743305092,0.0556344032460006,-0.0283536903564454,-0.0249107793534247,0.0356255673829713,0.0205834661323085,0.0688907818197757,0.0776134464766907,0.00890010816010145,-0.051353785207247,0.0800711200533661,0.0269307540340455,-0.040818692551472,-0.126785113668588,0.0295382441204186,-0.104123285059289,0.0543716050672742,-0.140745746059508,-0.0167112315262949,-0.00267741302759594,-0.0428870457245027,-0.0466334412487091,-0.0773593020157826,0.084837789895591,-0.0372732023897537,0.0944254366067128,-0.0375983166962772,-0.0471444530049152,-0.0454827751241855,-0.0566468568413079,-0.0559628708608018,-0.0662878706743468,0.0120204570551414,0.0951672047375931,0.000213453083244941,-0.244936967230974,0.0943427351496264,-0.00916105620887953,0.0543048003597957,-0.0271516944856089,-0.0624731566701846,-0.0759655653510114,-0.0363070984454716,-0.0379953406368294,0.125961775171063,0.129547621805462,0.0852621715975836,-0.0164696733080749,-0.0363708119711563,0.066124230524081,-0.0250112245468612,-0.0538997128888097,-0.0550943004943307,-0.0752640880521964,0.0749587083928749,-0.0349831471721886,0.0577901888135384,-0.0897593958039673,-0.0926438938999565,0.108566899738234,-0.171751752818154,-0.130208630302441,0.0638633958473132,0.0651739439859831,-0.0485616395153752,0.00760705757930458,0.0622351837935553,-0.0487451190310377,-0.0532572262275721,0.0804296092601766,-0.0135375212686721,0.0690614519019388,-0.0432679746071134,-0.080453977726239,0.0328508716534746,-0.0586101180958685,0.00918455108832461,-0.063004512147895,0.0417853041655329,0.0718161405333551,-0.0864532147547994,-0.0391964575316512,0.0263010750126735,0.0342665386923808,0.0515904880203384,0.0186931127740102,0.130572709362582,-0.109807913558901,0.00634945095981521,-0.049521574116719,0.0288782998001282,-0.0115560972927398,0.0219250632624806,-0.0402909008035959,0.0729799416810644,-0.0704360445703198,-0.100163785702497,-0.0559406413674139,0.0388405836487031,0.126038187174737,-0.0433865518478393,0.340328510443193,0.0437599195249103,0.122687938274341,-0.138084780620472,-0.0840794165004191,-0.136693033034166,-0.0414840999257065,0.1063447544074,-0.0871278305826113,0.0511458679638004,-0.0126503234692583,-0.0496743474653338,0.00805378841222981,-0.0231333082964618,-0.00291939447227696,-0.0239273791541126,-0.158481753490667,-0.0949059541787207,0.00702448938632827,-0.223314850797882,-0.0272084936841948,-0.104168052883046,-0.00854624482206301,0.13809031823283,0.155853584775685,-0.208919887368384,-0.020252139612241,0.0406403152241737,-0.0619804309317105,0.0478566535024014,-0.0432236589089809,0.00123721149299283,-0.140961926216399,-0.0526072305788157,-0.112389422657074,0.000313210736408553,0.00817622505477944,-0.0481396796209212,-0.0705379081003148,-0.0400958479476019,-0.0995902033781602,-0.0214693831628399,0.0624351468241668,0.00400841243414973,-0.0352820347279952,-0.00241482072761912,-0.0342811851697991,0.0302322838503986,0.0918932510317658,-0.0243350534628162,0.126994052108415,0.00283017706738375,-0.0274230424539352,-0.0449734121864633,-0.0466012564731404,0.0887381979125563,-0.00581059639216619,-0.133870692173726,-0.00466070213384073,0.0181179123963549,-0.0826838592803902,-0.0976939577606162,-0.0544255265260052,0.0785689257044035,0.119658531797211,0.0420223282866108,0.0551433348617416,-0.00600557593657447,-0.174863837840677,0.0376696009284272,-0.0189359360732979,0.0215072175147299,-0.147959858129473,0.00202084752879506,0.0228394711703819,-0.00705981349561835,-0.097712047308439,0.0250465416981798,0.109028932754261,0.0432714524595976,-0.00393658349607273,0.0649263374077376,-0.0303936253343027,0.0163944278314583,0.0671704992640376,0.0254431661795311,0.0160300849051509,0.0453907470049901,0.0341093137629151,0.0247182420693206,-0.00464744475497358,0.0947092406532453,0.0322065454751743,-0.0869380094229832,0.0632542752708849,0.113959319273202,0.14896784045947,-0.0529901236887058,0.0986251487036116,-0.00244685930722444,0.0540327238487595,-0.181662750429784,-0.0756960815508902,-0.0528125408081612,0.12123522464226,0.105406878463438,-0.0500110081660825,-0.00464465034644146,0.0812292030795434,0.0165532940475899,0.105068219997084,0.0453169874292843,-0.00794236413267368,-0.130877520303488,-0.023174301896006,0.0220577732969105,-0.115462174743217,0.112180137068193,0.0642819328170927,-0.0370593874442475,-0.0485062863888848,0.0389334663155239,0.0461180335170102,-0.0655731794028078,0.141821643265339,-0.0427531697959451,0.048554387138227,0.0705150390764948,-0.00510452904193937,-0.0589814803060924,-0.0452283732043739,-0.0163432373542984,-0.0546763260359766,0.0744060986704462,0.0810843115125486,-0.00416857195242448,-0.0516665605479028,0.0891969769108076,-0.0695098673762935,0.0704904090172798,-0.0480234352986439,-0.0901076112125541,-0.00147041679723658,-0.120459430660026,0.0255110128452838,-0.00283868607065507,0.000417853985577255,-0.183684110868939,-0.0969849101616731,-0.0802580987277652,-0.00209497798256564,0.0777600814276476,0.0800852316021208,0.0408294395427782,0.030079415510635,0.0516396883067862,0.120019289743176,0.0555510035432942,0.0969082705660427,-0.123142265404906,0.0720636528237719,0.0021026304284133,0.0778357019813471,-0.010330611090108,-0.0719298494517089,-0.119341330371644,-0.0340048267313713,-0.190401522121213,-0.119196579555548,-0.00536932939738888,-0.0237316066504616,0.0364436410906479,0.12659731731433,-0.136706046221339,-0.0763286851174683,0.0381478107262336,0.013451308336843,0.0404383035992344,-0.110005294695984,0.0753124887134811,0.245192211765639,0.128544321369951,0.163051095699238,-0.0201896126345593,0.066612502410861,-0.0473823759444327,0.0558503851910575,0.0419054627791751,0.03902261394919,0.080270117712312,0.0421404409017243,0.00577468071644294,-0.169418430339144,-0.0761839727011662,0.0249514119843608,0.0539463220405376,-0.0273155008171613,0.0589026535219468,0.097238950807033,0.013860825078545,-0.0374503203158807,0.0210675273906702,0.0893514866181373,-0.0514193848344764,-0.0143820757841633,-0.0612042416626091,-0.0351158071675806,0.0982180414269149,0.060374071099369,0.0940222309163428,-0.0269584283499809,0.136927870875153,0.0750589157234094,0.168993571967752,0.01444793411458,0.0489326897274418,-0.0148128355752646,-0.028682813377674,-0.0131143262262774,0.0594274715531902,0.0099677389724051,-0.122970773298035,-0.0210852362209777,0.034985106856799,-0.0171957184576907,0.0539752907417062,-0.0835174459522565,0.0257058747649992,-0.02026143613219,0.0107255880682247,0.0341392634490369,0.008353119802613,0.0583273249560314,0.0700130413584423,0.101291222440503,0.192853519450403,-0.0533683270783412,0.0154325357600968,-0.0886947046231068,-0.107544326468156,-0.128353056753936,0.0649122167523313,-0.0717149332612985,-0.0752843835144494,-0.0362920683324091,0.0924596464493306,0.120157000631604,-0.000931554719242556,0.0214862045703348,0.176300106030959,0.0341921531512552,0.0332122474287839,-0.0128096517554357,-0.0629572420683111,0.15112657531077,0.235541601704046,0.0332357895010031,0.0533780542336892,0.0104520271110182,0.0818566671805065,0.0198877876613857,-0.0109202905687797,-0.165786545767818,0.00436375162134217,0.0661330996739888,-0.105337242598565,0.0382947266768991,0.0751400535825071,-0.057979719682224,0.0253007686907754,0.0765119540381136,-0.0946694608294005,0.195828837811227,-0.0722916354297358,0.065703960307316,-0.12623847128215,0.129786223942384,-0.038322255131499,-0.0577319676219004,0.0225916874875762,0.00664640430450181,-0.178966263941409,0.0220987956570278,-0.0226356879743439,-0.0393711241847767,-0.136240897467599,-0.0633955539496491,0.0830312877003183,0.0952693775898781,0.00192463471618076,0.140265150779125,-0.0958748518868906,-0.0293165843011796,0.00778252170962146,-0.00843445347338356,0.00537397600890133,0.0391111121830678,0.0524815689248816,-0.0293211122592942,0.014764651036888,-0.035398817894527,-0.0199748653378014,-0.000704745656652239,-0.0154136163421259,-0.0814673541456941,0.0939136975597377,-0.0502179296605823,-0.00167340561477536,0.0609234552099389,-0.0409184124815045,0.0838842567458822,-0.0744513593132718,0.0173789744599344,0.122625186740332,-0.183988165952735,0.0124508798942586,-0.0112112741829806,-0.129953523764035,-0.095231805794874,-0.0522434973929311,0.108174728905799,0.0108648767663595,0.0627007101636399,0.0363870216166324,-0.0232018280010839,-0.0989053051212889,-0.00788087096034795,0.136877923645924,0.114552167586398,-0.0631184983281061,0.0021180953730493,0.0156453271531547,-0.110941696569284,-0.211568916673898,-0.0902752665518523,0.0292952739213597,-0.00394872676656677,-0.187646480245379,-0.109513236220582,-0.0561809377194686,0.0268436220932267,0.0341706419530516,0.30158275183383,-0.0155415772338605,0.000666330618673605,0.148650017016819,0.088181470805603,-0.0802960412032458,-0.0670604345287633,0.00812569613395198,-0.00388106460926796,0.109474665310126,0.0179171350910567,-0.191434023725409,-0.00924393795502354,0.025868920751325,-0.0615128583957336,0.0590798898556257,0.0932304099317722,-0.191627883926448,-0.114125857932416,0.0519247059231807,0.0836933562122408,-0.0185966831190765,0.0298921658311762,-0.103082785578233,-0.0920621080227124,0.0514336846336656,-0.0256493898325116,0.0284081038878603,0.050821077666614,-0.0953338503756949,-0.186552093971491,-0.117868642207805,0.0562717784527729,-0.0848440913187165,-0.0750692422631438,-0.0453350637737335,0.107710708707172,-0.0085877025178962,0.0496256303810201,-0.0360568946926367,-0.0082677842814225,-0.00882330851338731,0.0175010343212723,-0.143154231565831,0.0192815470167398,0.137371791858465,-0.00183381689485529,0.0214548167300903,-0.0745512309846141,0.126203269855323,-0.00484381181146798,-0.122506465432084,0.0831988994490962,0.0108990112364094,-0.00811620363278953,0.0662834558649295,-0.0222679482578938,0.0100360480963726,-0.0181081695584449,0.090134695587913,-0.00771180712653718,0.125854315406524,-0.0299167210096645,-0.0994285664700465,-0.014085878063216,-0.0113259892657931,0.092653400852559,-0.159032754580293,0.0203432279584983,0.00900046703341806,-0.0402150735276661,-0.0928649313142849,-0.0623052687655536,0.0480820962651929,-0.033618830565616,0.0571472924861518,-0.0688889725262887,0.0415045624475927,0.134175084305698,0.0529192026992507,-0.0740206503692002,0.0286816486796084,0.0434600170507313,-0.0795787944708111,0.156468764035568,0.0550694616367444,-0.00945419542073811,-0.0658479065641844,-0.00545427854904412,-0.0175648942102984,-0.0695220204204352,0.020584623943011,-0.0540092780102137,-0.0512167029044051,-0.0419536944380967,-0.0414534645292433,0.0734582348103987,-0.114978250893554,-0.0679218808582216,-0.0820324197664268,-0.00747886021594368,0.0431428729391456,0.0129130532658746,0.144890809479343,-0.046283595156055,-0.049375188694055,0.0171998082872094,-0.11572890959018,0.0345591304787924,0.0752536312005039,0.0368056930858622,-0.0290886477441381,-0.0270894120335403,0.0232349837609189,-0.115916828389148,0.0187270882865913,0.0782871579850559,-0.0481743531845482,-0.0331607009599093,-0.0470770448600639,0.0236050714124614,-0.0948209584894073,-0.0921035566288158,0.0342278750569709,0.0299084880045899,-0.102305292837732,-0.0903499177455984,-0.140165664575266,0.117282762734199,0.038588147183952,-0.0664562599987999,-0.0194994757106635,-0.0889887230344395,0.124797057825066,0.0902032523391709,0.0145121688833378,-0.0921369369894767,0.0775272188682028,0.0490936693506101,0.189213461542944,0.0978979818923622,-0.0145446017775321,-0.117103316915802,-0.0651355492591916,0.0629819329844619,0.106851371044142,0.0963571435250961,0.146336013321481,-0.0877817395924092,-0.116373727334824,-0.0835810993291957,-0.040823130702913,-0.0178478757637688,-0.0161070251877646,-0.029763213614947,0.0747547085999511,0.0752072666132384,0.0345715166891203,0.19794073600527,-0.0527713241787673,0.0763117051783051,0.0755160647544701,0.0731202541105205,0.0408650760286395,-0.160067191679976,0.080350612359869,0.0911669984311552,0.0246916665336872,-0.0952436885346204,0.118958310287428,0.0485792717885549,-0.085458161092026,-0.139762448272164,0.0393130573920812,0.0691197856182617,0.0187911182851481,-0.0439552835919446,0.00627605992349878,0.0133917794253151,-0.0434980119398785,0.0272084066149045,0.00809863378748443,-0.00547298093735993,-0.0266713921527542,-0.0653245058889156,0.0480051323517903,-0.0471123364776727,0.0900051917195213,-0.0245694870878852,0.0671496403666838,-0.0129738908778783,-0.0327111771937449,0.0176000832202523,0.195609340624855,-0.153209298604244,4.14291755210794e-05,0.0206006679422353,0.102602378004666,0.0985159272943605,0.0565305911532994,-0.049547080787502,0.16196445320423,-0.0396846995948446,0.121723551046383,-0.0685345912147479,-0.0317295321013069,0.0202518260398961,0.0561235446845769,-0.0890005609831399,0.0337887113029278,-0.108096603187432,0.0271142445274875,0.0597264945643383,-0.0722912800159037,-0.10676976626228,0.0903820897096681,0.0073795547928146,0.0534735674276032,0.00902961289710191,0.00699617553928311,0.0108658979292404,0.0349474643798573,-0.154737304627178,0.0958561106568099,-0.0625178851216708,0.035314670383459,0.0220997018225906,0.104634780146001,-0.0581872522448261,-0.155418144433477,-0.0354535091236707,0.0132833749299894,-0.155723277550732,-0.0828626378149648,-0.0786796803155587,0.00313601960452292,0.0785710443155607,-0.0173213534222487,-0.0411043808736289,-0.0981185993474871,0.103042878805114,0.129190657665267,0.0647358526514537,-0.00707379408294839,0.0392170312360691,0.0126864352562928,0.0049832181638596,0.0547138417396169,-0.201819012656058,-0.0545547940504578,-0.00847754490247166,-0.0556280265644262,-0.00831993087919347,0.020139074621131,0.122326248551102,0.0394165614983937,-0.0159256889991632,0.129221021385951,-0.108532041075563,-0.0438961325728324,0.0345186488398348,0.178119870140202,0.0119234275442031,-0.0632134042225525,0.0485175896465586,-0.0231008239773831,0.0120564836869756,0.064082134713692,-0.0767242043156138,0.0496816497301409,0.0654251662211847,-0.0128074021837117,-0.109923799913267,-0.0358812384065215,0.0183636760929307,0.207292668133203,-0.0856518094381027,-0.137840808431336,-0.0811255607199755,-0.0862619039552985,-0.0697378815952878,-0.0708405315583223,0.0220261265816655,0.077466943634052,-0.0116886845814959,0.0896563689928516,0.166263287130892,0.0237303173507306,-0.166213583128195,-0.0936323205027785,0.00682635198983483,-0.0105169508046119,0.0959643994388903,-0.04364860704499,-0.0108976082446794,0.142781582773579,0.00162331292103501,0.118773475691888,0.0474271829967272,-0.0325063654987483,0.0908083302823079,-0.0793409378620327,-0.0962971479294397,0.0291695220973327,-0.00591472952336813,-0.0690981676659961,-0.0481390663651422,0.0856406285314202,-0.0508605404757994,0.0412998654977774,-0.114534820733866,0.044171381649337,-0.0431992376823991,0.0899684142229922,0.00861584810018856,-0.0942229389510048,-0.0939902430355772,0.0549628216302995,0.0312086075938287,0.0806503934926748,-0.0654029970693353,-0.110908324743992,0.0705985113727401,-0.00174914781271562,-0.1403824550284,-0.0307717938251435,-0.0215303993209308,-0.00471754553240356,0.0321842573090301,0.0212409187529503,0.00515124365508224,-0.02207126797652,-0.0128164200488876,0.103055944614389,0.0777491875709437,0.00409801636249707,-0.00528904684364795,0.0370271832396456,-0.0117595283335556,0.195489703683635,0.00491213392622658,-0.101945607187609,0.0324185132257324,0.021033966495084,-0.0754411754684279,-0.103276461797723,-0.0625986194725221,0.130701846592586,0.0780195661762335,0.0342324636462696,0.0189027932994195,0.0128199999417191,0.0449906601717092,-0.0138502392295043,-0.0750288683014633,0.020948005334994,-0.0606947340419421,-0.0624264356319113,0.0583941656499034,0.0189372617825521,-0.0256611794725647,0.0148775256390286,-0.0581923292975288,0.00470092668151434,-0.143088969223814,-0.0201574540597735,0.0734906078415398,-0.0161373997240934,-0.0348029324215515,-0.081399903972537,0.0556850188808244,0.192588093611217,-0.0775816393353197,0.198717482732095,-0.0930541924586508,-0.147927946587054,0.0593479437230331,-0.170971060252577,-0.0409571999542759,-0.106651668157512,0.0578133218422221,-0.104908786631369,0.15762000467651,0.0794236165365088,0.053408530105715,-0.0822357622507432,0.0845865141942723,-0.0605104107386327,-0.0348298536331173,0.0377652427637731,0.025089813959591,0.0100867165485199,-0.0363005993467467,-0.106585609159293,0.0841352676647589,0.161934835516236,0.0298652190008284,-0.0858947757181925,-0.0162704340165698,-0.0108309837829337,-0.0386999037685216,0.0877769808470703,-0.0760796445721459,-0.0476650994522188,0.0912950226374274,0.0377774982232513,-0.107104935409547,-0.0494164174322327,0.0442349852027459,-0.0275837255768101,-0.0581126492968695,-0.0932708272576916,-0.0289550050225471,-0.093567114127159,-0.0202495208176181,-0.193378515253725,0.053868984166406,0.0405033984314449,0.110064244254514,-0.0646392325748932,0.0320054696121801,-0.0834329328718555,0.0465482184919375,-0.0146931823058334,0.0138668633054833,0.0767825455486542,-0.00178499211908933,0.188558170753989,-0.0136127808402633,0.0686812045384566,0.00361066802241217,-0.0376195586983354,-0.00165466283457461,0.0298909722987513,-0.0610050654958165,-0.0164609701237213,0.0209269041925193,0.0763662749030511,-0.0148744410942832,-0.0775775978399502,0.0243124884146468,-0.0987665788373469,0.0344373417087853,0.0345008693620128,-0.125349613714361,0.0260429000739291,-0.0580074545731009,0.0423376926194772,0.109273267161821,0.0207325387814465,0.00440566493676497,-0.0389930402859942,0.10383268841696,-0.0573381599292175,0.206042702047157,0.0741831993102737,0.108739371945738,-0.11754477038635,0.0276051868333942,0.133320015417463,-0.0636776479924261,-0.147762226404689,0.0342526646200811,0.0378703488325862,0.0213675686487531,0.0873850283423496,-0.00602287327202156,0.0818880124629555,-0.00412740263754774,0.00300858955232908,-0.0315954466667008,-0.0133920607033202,-0.0780431804378852,0.0365260656095314,0.0812381503445936,-0.00745832449581663,-0.0339000523816941,-0.00541820536230864,-0.0659198556077483,-0.0454154175323978,0.0979339507590686,-0.0677136120839132,-0.105176256170501,-0.00542238015575514,-0.0128495574264917,-0.0129361387805593,-0.028094019432892,-0.0325775213890793,0.113265092382509,-0.156924566594125,0.137003795041496,0.0192965503591314,-0.0118070923821492,-0.127843143341813,0.0180997548392092,-0.0101633754374562,-0.057296331839173,-0.0276637750675572,0.00398516908281588,0.0652496052170204,-0.0513148114779653,-0.0527877755141319,-0.00249089200159824,0.0146636778624238,-0.0683684227213557,0.0780977044323101,0.00144879049184943,0.0248773265341948,0.0321486387197247,-0.0460333204925991,0.0109208894015032,0.00973777287624911,-0.0192229391114331,0.00967691948366256,-0.0306768505921751,0.0601440484387497,-0.0461296527597272,0.0293349951146538,-0.0563404211951908,0.000515871672347679,-0.0369781634972277,-0.100071322269373,0.0935170084879302,-0.091515025222566,-0.0634363174974144,-0.02481181697165,-0.0442310886692434,0.0137319327176928,-0.0645357421674277,0.0545300586887194,0.136042202103902,0.173291561125199,-0.030254978502509,0.0611227785143251,-0.0929538062101338,-0.0450429078602608,-0.191147464582373,-0.068648937399137,-0.0713821051853523,-0.0182284339613186,0.0218632392116702,0.00961580034765008,-0.0820956375666948,-0.0171812170472934,0.0994101132400844,0.0395648497330354,-0.0191975067566856,-0.0418212312966704,-0.00332186441961468,0.0486730913978548,0.069393679053622,-0.0775561204474471,0.101384694193786,0.141025942093902,-0.0177166881637225,-0.114688493255674,0.0490059576691699,-0.0727113220485309,0.0692904186345362,-0.174960742665903,-0.0654278011229095,0.15821466953425,0.0945925174416766,0.0124942848135339,-0.147055231639676,0.196935514266641,0.173186138741311,-0.00620130237584071,-0.0357300669969529,-0.0541832724799627,-0.107519974574916,-0.0683742902257789,-0.00572306462229255,-0.048257995048874,-0.00468128639985999,-0.059819600185369,-0.0848727269926401,-0.0638246337023949,-0.0505783495665573,0.0475104609733901,0.0011865102586972,-0.0508545704302832,-0.00315370519399538,0.0427348187344783,0.239433397519275,-0.107000709960899,0.128602941029589,0.0195537211378465,0.070187060447388,0.0287605893060801,-0.01496280028161,-0.162255598254827,0.0351084506588817,-0.0909558154391021,0.131330344318486,0.133074104773493,0.18221565727213,0.0309880400559155,0.00579617502084018,0.147595809957645,-0.123060904183173,0.00501104833587118,0.0795770360432417,-0.112870827144182,-0.10175575548439,0.0529269401746673,-0.175977155440624,0.00582909333785531,0.0463680458957976,-0.0779813000919747,0.0193234698925382,-0.0753011642655719,-0.0377290039890177,-0.098586468825641,-0.016414276224237,0.109840820876224,-0.0171319019474301,0.0133741151705047,-0.124678162153008,0.105566199920673,0.0475230764741026,0.0339360056723934,0.0419894906006082,-0.0329663824192585,-0.119048726821342,-0.0192480577844845,0.150250547342806,-0.046554035988271,0.0850319483879003,0.0285592137414712,-0.0404753452564384,-0.0664961657991179,0.0370405323517646,-0.0813464968418494,-0.190602467770085,0.10894529448715,-0.011966913880757,0.09029853592441,0.0633611131568079,-0.0139381790709918,0.0614720559088568,0.00165150986522677,-0.00737756355893815,-0.0245115243393874,-0.0802112678479046,0.0187617752855247,0.0295488002581386,-0.0429941357203201,0.0868905434534335,0.00356177807666169,-0.0682683798954549,-0.0582932238010034,0.0789377486115217,-0.0217807617395618,0.0574370993764886,-0.0259609338906248,-0.0969780505275186,-0.113340694030494,0.033849628350938,0.0520900766814218,-0.0322134918376165,-0.0216116383572351,-0.0498070127371908,-0.0678685536204746,-0.012778795853218,-0.0360083688312285,0.134975202259311,-0.0901942560429179,0.180665582422369,0.00137324422569263,-0.0206090937997345,-0.0523828723324788,-0.0841616787298807,-0.150413507896103,-0.00893339895092726,0.0231116235152578,0.0504757940246181,-0.0279998900459377,-0.0212503165261313,-0.105050875648053,-0.110780625389472,0.0010562413029902,0.047790834820195,0.070098667522333,0.119907909176953,0.0457741675983474,-0.0473656619194891,-0.147012215366457,-0.0194203757110638,0.0963161747939933,-0.0728392899297625,-0.0242780807847991,0.0224326158386527,0.0155738145853388,0.0122607954853928,-0.193050012571296,-0.123639155898437,0.0274831595574332,-0.115422363352902,0.0753462976640158,-0.0163652055987216,0.0224449319384639,-0.0461832038383125,-0.0309137518009961,0.00661916313413369,-0.0363746925815667,0.0263740005160544,-0.0530886826562371,0.00879463282060655,0.055752594304086,0.0547423723676062,-0.00453869596680478,-0.0908629375090433,-0.192415125261836,-0.107271486505168,0.129109293948097,-0.0197959683513558,0.00839616695869072,0.0273516509474319,0.107885784020228,0.0362105772925907,0.0441920484545879,-0.0480464696624976,-0.00814315132694787,-0.0245577359583775,0.0537676868275807,0.073232268740173,-0.00967652521653983,0.0922948112297328,0.0813343503480941,-0.0113181417231716,-0.0225930792672333,-0.0160637515684527,-0.0518842302037208,-0.11098124543413,0.0410547039435292,0.0164452686754264,0.0334402149053987,0.0339353610401887,-0.0611593149608423,0.0426584316066965,0.142573608420828,0.0319501773344295,0.15259678542773,-0.0763818979435928,0.0357104087939097,-0.00639632819955382,-0.104582322745908,-0.105029161528843,-0.17422707572034,-0.183106501264026,0.100038596097583,0.0358830252678493,-0.111423891051905,-0.00698199816938239,-0.141567443916168,-0.0530015212869253,-0.0150175168464965,-0.0408382244930645,0.145521383662653,0.0830348471005413,-0.0124937801035014,0.0752944777890563,0.0525918835206232,-0.0625332234892459,-0.104151922646376,0.285550371373454,-0.104298139899235,0.169632197808244,0.032307279445023,-0.171573513248167,0.0116718090118475,-0.0541222422497953,0.0497152415282753,0.0118208368451502,-0.0010541658362877,0.0720722048710583,-0.1353173255627,0.0556434928180107,-0.252516604326023,0.0350902531011195,0.0302558094676268,0.0495192194732741,0.00519584704132292,0.0204798575334024,-0.110935394131727,0.0470615692146408,0.000684037945438698,-0.0555100559399935,-0.0688053520057172,0.020862847536216,-0.0751473831424416,0.0107099603451994,-0.169172553472722,-0.00155947603098694,0.202636976984808,-0.0821349513269554,-0.186881967007795,-0.0904883719681626,-0.186982917553152,0.161536205584505,-0.00775620919162545,-0.0369953219694343,0.101061160083981,0.00832798725705541,-0.0154413914394937,0.179074008874536,0.00144752643168333,0.0101264060521618,0.00954108039374768,0.0151627866686934,-0.00630793170215016,-0.0223816890649244,0.0155365873984754,-0.143129833980883,0.00496250169240842,0.0268114537283939,-0.0488945081919789,0.0979699091700441,0.0554329716516779,0.0247184996341925,0.133635262739299,0.124471074428443,0.0021398032655755,-0.00161224977990448,-0.0497488182576911,-0.0645029713030612,0.0496362160894002,-0.00337683696497759,0.00535634702765586,-0.0387681898064476,0.0231738530776517,-0.0192356825105966,0.00292121964237912,-0.0384627157049371,0.0252374042957415,-0.0742772037333328,0.134957246390436,-0.101805139949333,-0.0399419294195016,-0.0619292454876765,0.0329595847818227,-0.0742883118073943,0.0164364501343917,0.0999047680994662,0.0411512335346877,0.172805122125478,-0.0392672986653695,-0.00672496162486569,0.0513017756956995,0.0297920202816599,-0.0512086947559696,-0.00566999094859399,-0.0548519187028993,-0.0911364022894925,-0.00390682616478966,0.0933973505929953,0.00249621150841439,-0.0737632234023233,0.197521553900665,0.0146097594432626,-0.0604639015388639,-0.022507644841153,0.0476334638702958,0.0294441898773596,-0.0529402892753992,0.00884961119597993,-0.067530606684564,-0.169993757220515,-0.0125763096554166,-0.052764774299618,-0.0279008481416998,-0.0153364223029349,-0.0159492703849726,-0.0676319813906101,-0.0712324035737679,-0.0547232991407247,-0.0681655160606591,0.0145056662662792,0.0473708387262839,-0.101605187430385,-0.059673620770468,-0.0270784190419122,0.0150254756058081,0.024453175771888,-0.0167237977098647,0.00220755105280723,0.113602725564785,0.0592022100731726,0.0292790046532823,-0.00848701817586361,-0.144245186838744,-0.0147079852795988,-0.0344751429122958,-0.100087033495722,-0.0346341453105481,-0.0463258587867896,-0.0326315691485162,0.0183661203716188,-0.00314442260960934,-0.0454348590407441,0.0153240623022572,0.10442044148011,0.1111776945763,0.139161131380918,-0.0340069690212426,0.0655864056618336,-0.0163458710261319,-0.054148097312233,-0.0288360153035105,0.11213362175093,0.175268060930214,0.0442517075759503,-0.0987728572248736,0.0448176142685548,-0.0373251265107766,-0.034109639477919,0.034562861229712,0.0269223124932765,-0.0077952625070985,-0.131718354786114,0.00837215668921587,-0.142637364678255,-0.0586232667453817,-0.121770880460441,0.0890565991568546,-0.0171319103992875,0.00306768286515702,-0.0391440975842969,0.0309933945375658,0.0679975142361671,-0.0143862762047489,-0.0262587321497967,0.00681745574609383,-0.181411615265068,-0.0686593742536936,0.0111202268945956,0.0226699868537033,0.0160440160303337,0.11242711237611,0.0366241231252191,0.017856369420902,-0.13759309740152,-0.0351852586976129,-0.083013430186929,0.119573884949129,0.0760770400111883,-0.146653994032547,0.0668440695034644,0.18690003159031,-0.0169471990181718,-0.0575176120876648,0.0291601341896059,-0.0343176357032062,-0.114179618766358,0.0655452216853161,-0.0546263614175464,0.120616485988326,0.0392883114067386,-0.0769741386990455,0.0791190377548845,-0.0558804627933536,-0.0286203192936108,-0.0203192485979384,0.0363301702798413,0.0180392961376801,-0.0159956962002576,-0.0536596688641398,-0.126803873611451,0.10407474224816,-0.220358570010804,0.0345625073482367,-0.0502391508445958,-0.065718339354726,0.0287668368345639,-0.0881415656118181,-0.10631288623624,0.0605480055982452,-0.124721740768048,-0.101436431807054,-0.134280358390881,-0.0140813715168671,-0.0859161215848729,-0.13576793131611,0.126994687854649,0.0725332662675005,-0.0903272561699522,0.00588827050284602,0.00307361841311415,0.0187389021408919,0.036347508004694,0.0748151168822062,0.000246265284312042,-0.0952887428576448,-0.0142813758436162,-0.00400097504554964,-0.00400170713611026,-0.0682175068663886,-0.126767208720053,0.0534366685337266,-0.0215216644463503,0.190712366884968,-0.102487445030906,0.0583171605816917,-0.0334196141880958,-0.0142116600800799,-0.0331856862303908,-0.051838331961565,0.00133779169057613,0.0225050117514751,-0.0587810447421737,0.0977102670615611,0.019657359867542,0.0757149621002022,0.239929026448245,-0.0133324235782695,-0.0540132712671766,-0.0715955719617378,0.0513479443347902,-0.0310203786153278,0.0205155156610006,-0.0379234481500195,0.0476697940195274,0.0658715544626278,0.0967978668063987,0.0615243291751966,-0.112187482789719,0.0694866490207868,-0.140052437089531,0.0201023719914228,-0.0173289490161297,0.106769252650437,-0.0474615651504244,0.0528280254324773,-0.0119151439897367,-0.141179865544421,0.00821117705416374,0.0236983246044955,-0.0949196316751619,-0.00864605891473325,0.0241277607526904,-0.00515514225345504,0.128372337287471,-0.024320417309875,0.058427797827959,0.127334733181871,0.115013725390583,-0.0763615058552825,-0.0549782639730569,0.113396174239421,-0.0747372148911865,0.102995795238284,-0.0197761649085573,0.0669128432473647,-0.0121459765306091,0.125843165799429,0.0855929871230812,-0.18667332136134,-0.0682024705640423,-0.0186442423263578,-0.00466223941722177,0.0430539539786614,-0.0616383403190817,-0.159619990729482,0.078569418129403,0.0589495694250477,-0.135520694767035,0.0569858641484531,0.0291228872054503,-0.00569813888859771,-0.037666831633278,-0.0710234253753845,0.10769514155645,0.0326789104739955,0.116209337311891,0.0230265984917957,0.113493679128508,-0.0339969876057435,-0.026453317770526,0.0826681490924788,-0.164577150361687,-0.0493746387259235,-0.193450216764369,-0.101417660526737,-0.0313802745133631,0.0104246411682494,-0.0310336959282562,-0.0916272634186308,-0.0342384661102786,0.114662138116938,0.0896872262385271,-0.0838706666094913,-0.116016326381533,0.0175576762304648,0.00513920250458799,0.0823841565417367,-0.0779292579407826,0.0119914610946343,0.0497024497462308,-0.0534368538416765,-0.0463178021881152,0.0255695206657871,-0.0870420793441395,-0.015035565840873,0.0814616461680544,-0.0201044663915146,0.0310771209054463,0.0352191329582414,0.165091782031214,0.0255119269228707,-0.0748883460488976,-0.0981023115665889,0.0909006786723379,0.0415071675763821,0.030156912788019,0.00620476352697286,-0.0987426244109111,-0.0415701029319098,0.0595883653796438,-0.0898867209259842,-0.158271306271693,0.0559658331470887,-0.037506676793142,-0.0158756886848694,0.11023954084443,-0.0228676882232803,-0.0551532880705849,-0.0340624616881993,-0.020274141296281,-0.0163900636960355,0.0170970538376296,0.070115884218811,0.0138752653834286,0.0580772929458391,-0.166327266929473,0.000325731284661845,-0.0461369404518051,0.0162250211159336,0.00288759647967973,-0.0162856156567122,0.0714126375721591,0.120621368943594,-0.165608000224839,-0.121603595519817,-0.00114791190218355,-0.014255629507105,0.0285682129817006,-0.0943463339978203,0.0409921438056828,-0.0587493337296543,-0.038307039163278,-0.263320737018357,0.034198453662392,0.130868099396076,0.108898106824899,-0.0433250771989155,0.0465732978569733,0.04584500081445,-0.0296155008155421,0.0548835855443053,-0.0914193322872556,0.0852111631398085,0.0829565610996845,0.0820729842489976,0.0256630060276632,-0.0722283044439291,-0.0280728470933882,-0.121423462202723,-0.0955267655827545,0.103230747608775,0.0293806712112532,-0.00679172594613409,-0.0159347083486683,0.0875507318349165,-0.0914257468137567,0.135012579409545,-0.0362188958858947,0.146614023657286,0.00576123809806539,0.0420719633187399,-0.0165229637994604,-0.0542141462359553,-0.103158801646404,-0.00400146908228027,0.0663273402290174,-0.153948468142382,-0.00196269941665062,0.00525546316541536,-0.156471594397404,0.11423409737584,-0.0501484880144512,0.0218654477549332,0.0346323359990537,-0.0415128414857038,0.0896828468320221,-0.0282453499886568,0.0508605078814706,0.257440176046764,-0.0894704043286678,0.0313732746154352,0.0380997854734533,0.0337601704775397,0.139571965651135,0.029541396206898,0.117124573293565,-0.0295155919416801,0.0714561889124234,-0.108697958707107,0.122096415628976,-0.0662599196823583,0.0884249670356123,0.0943152438421286,-0.0703577084338614,0.246923673139071,-0.0182659311764213,-0.0222193301012243,-0.00715572844938128,-0.156188425585738,-0.0766453198748254,-0.0603047042990181,0.0192503537343316,-0.0344727888283605,0.187072704549637,0.0779680424854132,-0.016242375140147,0.0899794015579438,-0.132503154147176,-0.0991064329273357,0.000487650736039402,-0.0503377673346903,0.101101757193989,0.110595014197694,-0.113723886242374,0.130307342673914,-0.0250175562333572,-0.0374180508651873,-0.00420985431350562,0.0372989480186701,0.069562560245505,-0.0701181627965894,-0.0453764004680028,-0.0268438053568301,0.021659577950027,-0.0332176500563643,0.000303902572714954,-0.208937199286333,0.0130764460234516,0.154806118255068,0.0967656878005956,-0.00312925259101826,-0.0232208855222775,-0.122850200781196,-0.113253054886235,0.0730399649167666,0.0157942006990646,-0.0814130955719072,-0.0428816563522281,-0.00312584171395303,-0.0454337248748011,0.0721832665491109,-0.0274440932695059,0.0111617797122396,-0.0959746275306816,0.108573872469121,0.0424139129127432,0.000634709496845964,0.101948863281601,-0.00428021268287626,-0.00845219297989575,-0.15551321009263,-0.0108884235096309,-0.162921429851286,-0.0597348522229821,-0.0805672698012159,0.0356774411186471,0.0898593193014841,0.0597282880553598,0.00250072701349358,-0.0730310059307273,0.0243378740753393,-0.0555206630479463,-0.0612513454059629,0.112497461715197,-0.0743432937641164,0.0611928999592737,0.0202938832195763,0.0806954261352808,-0.0555408164374569,0.0841294807880424,-0.05911943802669,-0.115288966903152,0.0369445621834881,0.0708633947912232,-0.110379456094176,-0.0984574322346718,0.0190632203138865,0.00541998831916013,0.0294196686568933,-0.0233931349229519,-0.00417618822333043,-0.0522719195399501,0.0206204607282507,0.0294504166354888,0.0552838930624495,0.0644201286014807,0.214437180429178,-0.0921665706849266,0.0526908741973582,-0.0529468672634557,0.0664590711227504,0.0804745623181382,0.0890569645655939,-0.0957486460712138,-0.0418059340905237,-0.0293582602204179,0.0371929916032598,-0.055713998387652,0.0934489555782025,0.0823871977758281,-0.0785563204001298,0.0060139373103052,0.0518994645638424,-0.0244475087789571,-0.00822260396187335,-0.126898253372501,-0.0768257251387237,0.0590542813146229,0.0137313533461643,0.0661546911097171,-0.139252528059912,-0.0267448277137809,0.108151289558171,0.059349406529221,0.00890599109549495,0.135345134763459,-0.0113602240753998,-0.0106245669456553,-0.0135958671332004,-0.0459747722768262,-0.00343642022940749,0.00915162003452608,0.0881140572906522,-0.14503732556178,-0.00967581406214268,0.0440635750159006,-0.102961917859667,0.0900141395501772,0.0280113561384288,0.0109629915365914,0.0575813895462953,0.0422660357293134,-0.0635734036098956,0.0728838355092751,-0.0846925388436608,-0.0680432544619141,0.149223933036483,-0.120823493165557,0.18904033272649,-0.037073869991183,-0.0296437899424213,0.0641299018884514,-0.00933624894001417,-0.0777507364103451,0.0062941945949746,-0.0221811247946313,-0.000174240424233751,-0.0931589318493993,0.143305982907436,0.107267727940703,0.0806479267576039,0.0423845171910784,-0.0208864960597239,-0.0444428526138401,0.187546730500566,-0.0993605481098778,-0.0515164826266359,-0.0532637586365547,-0.111113002057205,0.00311767490067583,-0.0248603430272674,-0.0207371451859242,0.0586343401430884,0.0305732544585859,0.0054613649368469,0.194851471205662,0.0886580515170241,-0.0428993996104761,-0.0674571318684025,0.054115878519597,0.0275642132649514,0.0228360178554841,-0.0863652033856375,0.0477812091615211,0.101555786497451,0.0653852929919143,0.0160001824613463,0.0137516498040875,0.0197434842869839,0.0626197028499196,-0.0227562011854445,-0.0369437712322838,0.00848983787914803,-0.0331605709233465,0.0816451287244804,0.0668966339361829,-0.0518987662525254,-0.0532210944650786,0.13399078147199,0.0535785474545796,0.0362403472967174,-0.118796748436124,0.00767429486871807,0.118659736152754,-0.0771553607342881,-0.0857716943798206,-0.0448259532884498,0.0797938747843063,-0.0101562041903422,0.0723089456816783,-0.0549164621633773,-0.00593682658350181,0.125381345172324,-0.0330892638929114,-0.0820064130330111,0.0579115313344047,-0.0295179603473406,-0.193763606406273,-0.044299745895608,-0.0681108544593254,0.0845417094521992,-0.00549593945288152,-0.045043276085861,-0.0894308975042648,-0.12241538341966,0.0268592397869902,0.0695168773966242,0.0836028047861412,-0.136091107122425,0.0840856962400136,0.0199458418060134,0.0594301174061789,0.220113223499267,0.146274580369582,0.011570022566713,-0.0700825984125584,-0.0403894339079862,-0.000157986549083944,-0.0952258659153298,0.0417304320090743,-0.00873158977996402,-0.102601444227753,-0.00148077498136656,-0.160963889852679,-0.0779615367039046,-0.0734845521874976,0.00741358425582961,0.0433902647980244,-0.0246827815731008,0.0164159477494636,-0.0415370153824397,-0.0956801928533086,-0.0251459194340913,0.128117695794377,0.066800283349947,0.043510273430325,-0.0721100359516265,-0.0198235872460031,-0.00175308242325123,0.0976313799096444,-0.0742586494958037,0.0416976942076466,-0.0160910917889137,0.0392909734970572,0.0190596221743471,0.162975381744214,0.0251215455057276,0.10006778527617,0.0745412266650347,0.0811582581894701,0.086275012478312,0.0657891232076799,-0.100225224750222,-0.191998280653521,-0.0235802368767635,-0.00966151065214849,-0.157662873212488,-0.085646605417474,-0.0334106850021074,-0.0626189687795189,-0.194405531299555,0.0386160116317855,-0.0508924856256163,-0.0741766687292151,-0.0369719842323515,-0.0417796231239906,0.124874492003603,0.000910803835991736,-0.038214341472242,-0.179505339827021,0.041411179404883,0.0473109821102269,0.0902188139010331,-0.201577629804818,0.0724268208050769,-0.0219299972929625,-0.0866938481244945,0.0172461117432841,0.0557155399680045,0.0850546905741938,0.012234626349392,-0.0494313704664004,-0.0603480055821679,0.0396292103917038,0.110426375376065,0.0113337986470798,-0.0600636641220706,-0.0334893940508092,0.0733137079458186,-0.0208499821723769,-0.0561541617456505,0.060402447647607,-0.0209531702934149,0.132859637792862,0.063356468989082,-0.276982036878279,-0.0269973378366415,-0.152339833943,-0.0240963350986996,-0.122528298918448,-6.66338480925788e-05,0.0405139697774133,0.0101489064537548,0.0216136526961348,0.0642974758431754,0.00641190449175566,0.0651399106339365,-0.0674386584543485,-0.0881031045584426,-0.0114724793189289,0.0857925314190295,-0.109351103721516,-0.00480314172000096,-0.0320371607032834,0.0144537770861373,-0.00651756717478902,0.0335752418299724,0.0691330118014339,0.0297096566748825,0.0692934145424013,0.0712197920859365,0.0216533820149136,0.0230422961516956,0.017284958114256,0.0342074029557691,-0.0788164626479522,0.0207893210459438,0.0478381891955535,-0.0825603229509686,-0.164415224230973,-0.119245753849978,0.0450127395002504,-0.0241156624366936,-0.0380901150058284,0.0163740165821611,-0.0948906908175324,0.0515725994801595,-0.095834578025249,-0.100678926681021,0.122537768104845,-0.0105770445154292,0.0394462798502804,0.00744854066845235,-0.0176982868372195,-0.0539340501857279,0.0431751668139795,0.105244155456582,0.148941665142794,0.0781841668855023,-0.053388975138887,-0.14746790602962,-0.0182236645679108,-0.101569864224669,0.0528815632976425,0.07111834929835,0.0324674370263738,-0.00661620444847344,-0.0193812667810063,0.088811310981187,0.0413819631865082,-0.17029195251826,-0.162512619500644,-0.159982257230972,-0.048043004854601,-0.035414021984943,0.0573714491635919,0.0306410655863412,-0.00220373976500676,0.0361078068439316,0.174175914525529,-0.0946092599080064,0.116585688103481,0.162347099504066,-5.49600756962754e-05,0.189106935124356,-0.0566898809791496,0.104247798070952,0.0138505022268198,-0.0477618553350956,-0.0432717557708973,-0.0158697315263505,-0.0396055515980915,0.0605653946834988,-0.00491381139254354,0.0999471014097146,-0.0680135608164889,0.191654932970216,0.0575385755932016,0.0881753896044786,0.0967505971293763,-0.0502044405177302,0.0233886798344336,0.0549484848236985,-0.00264779106858093,-0.0655571885888269,-0.100613226059457,0.057350822291272,0.187141525132603,0.0694699552801348,-0.0207853512338505,0.0885373229294761,0.00374417243908898,-0.0627342119605427,0.0243648631499924,-0.104746273117132,-0.136112120672318,-0.0273777152862515,-0.0549928729002724,-0.0928710923396068,0.0122809986558292,0.0332640711612862,0.0177201493966561,0.0354062050682704,0.0457273909585922,0.0346435457429086,0.0239687595398632,-0.112349433133873,-0.0700686874874599,-0.116530609114715,0.0311708730695062,-0.0300863192736811,0.0237293194037598,0.0750723451810975,0.108172384211688,-0.00600169225269465,-0.029486446874198,-0.173081665431761,0.0246732375277323,0.012588386200524,0.086684996077905,0.0684053111532452,0.0249024555406701,0.0707256029886936,0.077578626219073,-0.0145130792185388,0.123694935555351,-0.0517951525540967,0.00561945694371735,0.0224986867438461,-0.195432698724015,0.142028454915459,0.026063319077037,-0.00997753071573859,-0.0901772826085923,-0.0608113088743631,-0.0790074901472142,-0.149182284330755,-0.0149629841259591,0.0134662127510485,0.114283377228487,-0.121846860440487,0.0275444984964071,0.0789751559550846,-0.0147614267969565,0.0753130521810506,-0.101396005979786,0.0887757177767945,0.0666197958056429,-0.0975444911445709,-0.109972431933717,0.0763951088709629,0.0703227900099548,-0.0330811417328105,0.052193258429128,0.0116607189291864,-0.0173425434008823,0.109121843715918,-0.0618909141812036,0.0402092758464954,0.103057025844397,0.102738981002596,-0.0652883409312048,0.0724114049521578,0.0698337351385176,0.0377646222689454,-0.0175694779505657,-0.0717093368803972,-0.0153735079607458,0.109503501110489,0.11131377556792,-0.0659288095513242,0.107189569674907,-0.0408697622610452,-0.203658319845786,-0.0824562312819728,0.00496685381974205,-0.0721998987409878,0.113708337931203,0.0833294753392639,-0.0493033602684312,0.0357710471669044,-0.00817472772104599,-0.0940533697238974,0.0152293893624731,-0.0701924563177809,-0.000885206959550189,-0.0325663562914014,-0.161430511969767,-0.0848231380468238,-0.203151210391398,-0.0710636046212469,0.0463705997591708,-0.00206492881079434,-0.081965335452943,0.118463923133152,-0.10370612399321,0.0289940055988305,0.0620438807377184,0.00452664324017671,-0.0977952000244526,-0.0937519108192277,0.0539653406120433,-0.00879365736487037,-0.0567353172558258,-0.0199755707910003,-0.059346256524849,-0.00788625619800021,0.0419494367386746,0.0004616063375944,0.0277258390440318,-0.0155742215047359,-0.105526025163857,-0.00747883383898884,0.00385130847461879,-0.0539506664354574,0.0539977862089727,0.0142203213479188,0.0160522701894277,0.118915015630872,0.0858821677688584,-0.0350845371522142,-0.0123982661225996,0.000932394479949528,0.123824479874179,-0.0799404310092569,-0.0313816271101439,0.113104292872001,-0.00164178574585749,-0.0765882642481914,-0.0531679075867726,0.0678815264503845,0.0809735502147551,-0.0757711634235467,0.124718886895758,0.0458186027220628,-0.00193843171930164,0.108881346383289,-0.0678399684539128,0.00811829379588325,0.0760606010145204,0.0325470465370079,0.0658779016821469,0.0844413252577989,0.0517300650249226,0.0347861065533563,0.0552113442965767,0.0669799632538566,0.0699137897170179,0.037987432674403,-0.11706333430082,0.152193542435326,-0.123790794880573,-0.0228363899054762,-0.000130448019203921,0.0393151095638054,0.131638416259973,-0.0387169441379021,-0.0281298153294576,0.00953120664642526,0.0631490611102348,-0.0783489137574138,-0.0853353860547337,-0.109793717216184,0.00639623375389009,-0.0692479304967906,-0.105113153224719,-0.0356272094042174,0.0740644353958344,-0.16192706956086,0.0381913519416486,-0.142879208967582,-0.0593022483516035,0.0136884650620355,-0.0683063626517204,-0.137479589107177,-0.0818637548953363,-0.079268586109392,-0.0457208583204336,0.00887331409343095,-0.0958506744390908,-0.0536219224747487,-0.0240437234433837,0.0443591268170935,-0.00848302737787643,0.00919984384664163,0.00802844953376569,-0.106818618441772,0.0939843970056953,-0.165744750608312,0.0557696054587327,-0.0308510120855079,0.126915041948666,-0.0429842394577431,0.059034758546372,-0.0162227346363633,-0.052193672884699,0.0226414979528875,0.0454202374661841,0.0419826857531262,0.0555659271123219,0.0649829218560987,-0.0829612219182625,-0.0179821480656281,0.0461171392949773,-0.0637982011221587,0.129254782314294,0.00306159539824913,0.0914716898410763,-0.0158853190600969,0.0714421840538932,-0.239827288160429,0.00443972260608483,0.0696397778468545,-0.120912249920538,0.0520138139845834,-0.0935393382766216,-0.121418407362194,0.0128777095613324,0.0936158450312599,-0.110121553362126,0.105707678684966,-0.0159330206514756,-0.104178456392502,0.04596822915487,0.109697516141856,0.159747277301837,-0.0487400154793689,0.00483833343781859,-0.0342791325155209,-0.162394038259353,0.0331379496147441,-0.0695256655778205,-0.112824689701093,-0.038481884846548,0.119646291237771,-0.0875321792507537,0.0055372897928323,0.154931379513539,-0.0484271978745516,-0.0543582480746374,-0.134110566408006,0.116442442427446,-0.0158454130503509,0.0440168182596257,-0.135769465788181,0.0542733519953407,-0.108717991490357,0.0875715868110198,-0.0429551821101501,-0.129521166900922,-0.102387997255718,0.00209840233173786,0.161930863800424,-0.205408163539909,0.0261442359425552,0.158801407503482,0.0337225701262542,0.0478865258988215,-0.0803921884255674,-0.0482811766017552,-0.130870947374459,-0.0324918382092045,-0.0013414195680479,0.132671437361593,0.0284808557286587,0.0769674706701822,0.0224640518955688,-0.0165734353200606,0.0214542064145542,-0.0623663714339728,0.0778580218248452,0.00994123350160359,-0.00640976293738538,0.0740771438564356,0.0586188482162193,-0.0755690565685949,-0.119571157919145,-0.202155548621969,-0.0504376644467852,-0.0285676426196573,-0.0125735665697855,0.127105831372903,0.0686975787274569,0.158322363752401,0.0504496074921486,-0.107418947425533,0.124661118422669,0.0175568185031096,0.0398593503996876,-0.0227866723998309,0.125311420945725,-0.140718031028653,0.0684980005436926,-0.23070194341233,-0.0236094549680019,0.0934046579333756,0.0412496538872056,-0.0339483119809252,0.0287628614256599,-0.00779835737712364,-0.179094682805718,-0.00374346775840628,0.0648803305753272,-0.18398001191381,0.103924683472195,-0.0383433118651912,0.120726861642298,-0.0401340353921369,0.00792396616517266,0.0658445282323317,-0.107934276322511,-0.0096140275530936,-0.0446658439176302,0.0264901316044528,-0.0388078207892146,0.114795226643735,-0.0327135544932591,-0.0308694612823079,-0.0168044379153174,-0.0126402801793604,-0.0358224299114789,-0.0368355267515201,0.00319539883456654,0.0577949840867,0.0158362321987209,-0.215819820553906,0.0322136195257723,-0.0793166292830731,-0.112082045403833,-0.0765026282957941,-0.0203970571807277,-0.0571598721661148,0.0351909008285443,-0.0976232096001106,-0.165605326559289,0.0340799720224447,-0.108594999453675,0.0635278926052913,0.045358121147383,-0.115238785299997,0.0459302950930218,0.0928696890209806,-0.073341827798751,0.0691037932061032,0.0415703853473257,0.106635234657046,-0.0139557667259789,0.0153846726342455,-0.24704479339008,0.146233185949221,0.0172222105755351,0.124077346664972,-0.00707528589709838,0.0341454038482192,-0.00802317975967748,-0.00167042105217963,0.0239600766011612,0.0266790255598806,-0.131818069768404,-0.0216121320998424,-0.0139220236710291,0.138006116227075,0.0417710191329179,-0.0526920127701889,0.0104615058925555,0.102626908499525,-0.0645552900155519,-0.0817654194103135,-0.191495756725235,-0.144585534439618,-0.0201192587495065,0.0305402638620631,0.00657451574154355,-0.0682555006401464,0.0974943244818991,0.096129687406588,-0.0552646982761966,-0.0490941029065506,-0.162137703169009,0.0320015805024743,-0.0817037054567908,-0.0433139365791355,-0.0320621710983708,0.0322878683948895,-0.0707408195941626,-0.0606520795300112,-0.0831187603787598,0.0630631891184088,0.0420218783730557,-0.117459086316971,-0.0886818945880026,-0.149195540400095,0.140968657289018,0.0671759786230117,0.0433416221791094,-0.0196066352956099,-0.0817306230798165,-0.0360124495717056,0.133999636845791,-0.140196179665464,0.049593941374714,-0.00159258611641011,-0.0518412632902776,0.00060477417237137,0.0937625401506152,0.104669426819733,0.0481033792951218,0.234680133332724,0.000836232377242174,-0.0685054736889845,-0.145376330449341,0.0439985643975893,-0.077541337941109,-0.0210329902820714,0.0699819205540781,-0.0104608502244439,-0.154200992066025,0.0953831961146454,0.0134380087012631,-0.0650825617351574,0.0375079166076717,0.0765648461655621,0.0124874148540743,0.0919594460579463,0.115051019094873,0.0883612875597417,0.0170693980202656,0.168651099327251,0.169898299875904,0.00299386651376965,-0.0133303050219107,-0.0304441490974621,-0.137050316038732,0.128283207812144,0.0440229779440373,0.183285100266,0.0141561467341869,-0.076701267669784,0.0560666260792093,-0.156720807550228,-0.11533774906803,0.092823283340949,0.0557655708981413,0.00939630829198346,-0.0257901613336462,0.0246068002414788,-0.102930045819131,-0.0111422351651234,0.0058306983735219,-0.0622312301085017,0.0486905517581142,-0.0965378317857648,0.0678793126214292,0.0492792000192599,-0.0528083735207483,0.0524536078203299,0.0591977566741275,0.00170717696912348,0.0970043828693778,-0.0627872147371353,0.0662384072616484,0.194402621850398,0.043053872648406,-0.0574179813944737,-0.0421638466648515,-0.105929278064757,0.0973295610351204,0.101486665601808,0.0314810663016925,0.136132020951155,0.0699419800834076,0.0228489392858919,0.0478260986671064,0.0701563799905358,0.0404387448279213,0.0718177278874634,0.0148910755039859,0.0138072471101633,-0.106038467990924,0.0793297620639581,-0.0152784691914034,-0.115476550437419,0.121779485318174,0.0824071015707322,0.0263241432376964,-0.0589300404610791,0.0549921063535566,-0.107833824513811,0.092418104809544,-0.0333601803998143,0.053656039939316,0.00819260254819953,-0.013938849590915,0.107634316152429,-0.110466453929915,-0.039755587559184,0.043133862641541,-0.0174867878142813,-0.0380225621842865,0.0286674598807954,0.00878769339865393,0.00770546570207653,-0.0191203357435068,0.00783750857607624,-0.0529290253886834,-0.105702480520706,-0.0532863885963244,-0.00149479649477602,-0.0546854990642363,-0.108064237489621,-0.104525322856651,0.0954729216506565,-0.0835526552983223,-0.00360607613360209,0.0366419503047883,-0.0221971401791738,0.140981554713368,-0.0273610713690515,-0.00308564081826512,0.00850784519352343,0.0126714684182598,0.0301170024663466,-0.0919856680207385,0.0110753223700721,-0.130551605406017,-0.143396158435627,-0.147847996468521,0.0153494993389018,0.0242579041031057,0.0760121630412405,-0.0961143256197881,-0.0384234007472286,0.11020289065368,0.0905208478398505,0.077366940281717,0.0162636986610063,0.0183522493046311,-0.0924894700950194,-0.0961128459393783,0.0655153075625887,-0.044643917991503,-0.153252671804558,0.0459796926789686,0.14511366491278,-0.117944920238987,-0.0758231003575123,-0.0750610849342239,-0.0670470944638915,-0.0347038205101895,0.0569264180227043,0.0469290784392875,-0.095815305813618,0.0361485836079569,0.133654623742122,-0.0987005124593741,0.122418845450558,-0.0226943387147607,0.0918293500475302,-0.0814194318992496,-0.128922554473571,-0.014999916928244,0.0122914152120805,-0.0751779333356666,-0.0293517197486217,-0.0639920693352565,0.0505711344680138,0.136455914732112,0.021969329555362,-0.0717902543881892,-0.109468125491925,-0.0390298034335208,0.0303117197965426,0.10178994702183,0.0443688286234356,-0.0865110125542388,0.0655230988124007,0.0454280886070202,0.148953025951737,0.00513996046847875,-0.0404989364867969,-0.0478422031937082,-0.04344937713965,0.0294987724908085,0.0444787857342046,0.0711427557417572,-0.103765817641278,-0.073296934479731,-0.142627219006594,0.0955916889606507,-0.0621176463900701,-0.0967698253838289,0.053737179705859,0.112588803661281,-0.0353505863177705,0.192999592595211,-0.0745662110308256,-0.0487374354479013,-0.230013717279871,0.0454918580920771,-0.0651433375901997,-0.0610982779258755,-0.0508096951977453,0.0553133548338096,-0.0365631584776711,0.112485545316108,-0.110745736041154,-0.0577927511598126,-0.117877608284807,-0.0334877503446478,-0.0498361418661788,0.00991657861261053,-0.0181876873110935,-0.0843574843380073,-0.0455478848763438,0.010005366620863,-0.0813901863923956,0.201138675007604,-0.116466193553384,-0.0549212220243067,-0.20042032880115,-0.0309743869794019,0.186664817998251,0.0188586713213279,-0.0234796381702811,-0.0991728314447107,-0.124068175574174,0.0396100965913626,0.0611477896386692,-0.00605207652328543,-0.0534439585472821,0.0700165519441927,-0.0224542451804761,-0.000282913964451126,0.125521833155388,-0.202217788451994,-0.105225354943598,0.0907109389357359,0.0195448642898191,-0.0976783770530565,-0.126793796029856,0.0595222722255608,0.0615134687969752,-0.136280551261827,-0.0682618470158651,0.031506720268325,0.0144397524419961,0.0560558458373088,0.0411884151670021,-0.0223639027464184,0.108311900117923,0.0853930838962815,0.144830154984247,0.144463197453184,-0.00881643803822429,-0.00275300482174901,-0.0336677850252203,-0.185077285722208,-0.00547384361223013,0.0363703791120749,-0.0144280447716949,-0.0984116174265015,0.0876317265379996,0.0914876746386954,-0.100233277677055,-0.0902733739703896,0.0215974621332111,-0.0764189850922792,-0.118828345155039,-0.0791287952684017,-0.0798741235250722,-0.104515163809567,0.0713508698276808,-0.0163233882454117,0.0591332063300398,-0.0442886117201828,-0.0219225599889423,0.0141968843070499,-0.0113291419671979,-0.0507359706649013,-0.0270821312765865,-0.0205526821921738,0.0558623001366194,0.0891022182935437,-0.0145195137643928,-0.0964243989375868,0.1180888566486,-0.00770206052504818,-0.102294878508554,-0.168220903792105,-0.0645840975743655,0.111785421011512,0.0691489132549155,0.019495406534771,-0.176241859005579,0.01418815223249,-0.0828004474800883,-0.0861889930518696,0.00339260171144895,-0.0509616390963261,0.0412220439934536,-0.0612113849110378,0.0611988534738854,-0.0450996081456165,0.0341207208465191,-0.0108919688641507,-0.0552454738893338,0.0175809258053481,-0.0353313434624067,0.0298777482897723,0.0667074963751499,0.105771259151574,0.0586266477299708,-0.129857287384461,0.052261875288566,-0.127964404670148,0.00530307087463244,-0.0175024867230893,0.0676909708297369,0.0539912773001396,-0.00107497092602582,0.00759622315997399,-0.0650989477910158,0.0675173061770269,-0.0132104564537818,-0.0158753213662575,-0.0678108701469071,0.0732672570234674,0.0840238789952763,-0.0637175425169718,0.0105756545064484,-0.107188676592167,-0.129354568365555,-0.070682432034503,0.139968604847929,0.0476153902755891,0.169339881874018,0.0634956866978524,0.187737009586559,-0.0578865530644319,0.0173822015924057,-0.0226419274353802,0.0484310161559787,-0.000244060722457196,0.210790648591716,-0.0663292633814971,-0.1095405625775,-0.000626933905579996,-0.0827698160424584,-0.00431289077787955,0.0665168072095881,0.162078948445898,-0.0115467838067085,-0.0758770596483078,-0.0854548048086108,-0.0326590944098788,-0.0147887662900152,0.0478822813451785,0.0144117470737894,-0.016003226342256,0.0139883680870829,0.0958225330855811,-0.0441189851695323,0.000566741124296222,-0.104164130433043,-0.0289456172325795,0.108276518465311,0.102380767431736,-0.0774081375663696,0.12365420170832,-0.00661549725057764,0.0178710198035972,0.111527923732091,-0.11554150409495,0.0385638705537314,-0.0952348159425904,0.0713117158445393,-0.00701228857252101,0.0389995915244707,-0.0709187250358929,-0.0102324403600003,0.0534472767190426,0.0626098094247571,-0.0499446592651949,-0.0347460934244923,-0.0122257671391255,-0.0914571238529307,-0.0628103492217633,-0.0287260852822575,0.0714511653597254,0.0263778256943734,0.0462807820293991,-0.0760970349623675,0.104809737811408,0.0137369986403675,0.0884012560919598,0.0495964010227845,0.0545921993758125,0.0712651800376038,-0.189063137574463,-0.0466224577466074,0.00640846715184273,0.127368064519958,0.0828125218261839,0.0289424258304078,0.0667303704802387,-0.0537026934813003,-0.0026882964321433,0.0633437249403048,-0.0214760482918641,-0.152559691427987,-0.067516696856357,0.0121721749299377,-0.0467663738057604,0.0028239239240051,0.0126454799222848,-0.0450850156044269,0.0807089255447124,0.221760093002577,-0.0361179618632628,0.000217831925230394,-0.0112162474361917,-0.0511589010118438,0.0411585954773384,-0.0215326525826809,0.116633509348755,0.0231360496927726,0.14945349916537,-0.0908002973594288,0.00937615484233545,0.0233992703591812,-0.0267278253290475,-0.108382244029826,-0.0611266739943366,0.0450774977190802,-0.071890322197949,0.0096825008347956,0.20572499060156,-0.120456142233802,-0.0298834402857282,-0.0297513726183789,0.058709609754438,-0.0196439731510925,-0.127129365672205,-0.0722796752403454,-0.0146070251931048,-0.0654851979975386,0.205827258932425,0.0953788165312286,0.0788515278336037,-0.0366668777531309,0.148412547321122,-0.0942351747335772,0.0175451036163636,-0.116547403030641,0.0499569002059996,-0.0405325330620672,-0.0960285039340478,-0.107718093668186,-0.0168103441199601,0.0946871806957976,-0.0445498280941981,-0.0874105377437875,0.145819897534565,-0.0102980516564632,0.112745160840978,0.00176966552310276,0.0282998351967976,0.0809607859864712,0.0267021542427801,0.0250762454115203,0.0264994177532345,-0.184399195224379,0.0621434246611574,-0.0177364797206705,0.0520759691446582,-0.0817830350854454,0.0491000779555244,-0.101844968998471,0.129718583922177,-0.0473864518556635,0.00591149994223694,0.0199780333836037,-0.140190724460256,-0.0292328491568927,0.224143473362244,0.0933035662521962,-0.141804786339925,0.00274588609304871,0.0746554820207552,-0.0140093859430248,-0.125934600176135,-0.0416219411076657,0.0366533268032132,0.113310225852995,-0.193042648303881,0.00269165736296961,0.098791567278756,-0.132751045420979,0.0629833481242668,-0.0506487402184526,0.0170559178914265,-0.106610955739374,-0.0262074202910476,-0.0355575261136867,-0.0401493151545651,-0.012110071621791,0.0975076376164483,0.0850905242807987,0.136344427861643,-0.151498621837435,-0.00205583187581215,0.0974328707050733,-0.00403741074716457,-0.170087127352235,0.153142398568818,-0.106551441026206,0.0309180083052263,-0.0555840497339277,0.0169534370531079,-0.0803122177191495,0.107724945511244,0.0902666562437262,-0.0740403709280386,-0.0277365751041914,0.0305417665743373,-0.119617056177273,-0.0480896531852788,-0.0771311075219421,0.0331541162869096,0.11690593590766,0.0638440284432453,-0.00531742203336139,0.0361218879305376,0.0522854073188201,-0.0242172198574555,0.0668821704784843,-0.083954045739099,-0.124005317183004,0.0785446543988617,0.0597119257149163,0.113665466962085,0.0170651027693722,0.182839425815404,0.0649425385640501,0.0581248924225974,0.0356873554943602,0.0450743604321309,-0.0778519604136165,0.0316143891968124,0.13332531800143,-0.104538732652968,0.0112128190652825,-0.0938931256202422,-0.0460677782236667,0.020178736712583,0.00896751188322042,0.18517390025551,-0.142542455781412,0.00260990728960708,0.175268032188145,0.0838304318383762,-0.0136407126876725,-0.021515795439798,-0.053668970405726,-0.0430693450288118,0.00351203688165258,0.0384612160909921,-0.0817044590006537,-0.0282753527805717,0.251179145570864,-0.0292084233281718,-0.0583008418565356,-0.136259563708002,-0.206123537266325,0.0569362051058184,-0.170166199774695,0.0596895586064929,-0.0288911906536091,-0.0383527574253288,-0.00667846261514971,0.110005956899415,0.0353238386461392,0.0459512728523275,-0.0126355228965647,-0.0222091481756128,0.0788361844290586,0.122819641592873,-0.00468881442170588,-0.034546364995188,0.0777399184815402,-0.0366609988810116,0.0396220566654955,0.0802753769442366,0.0180987030244375,0.0635078249862966,0.169646585993324,-0.0930045393763228,0.0968547826061654,-0.161103822907262,0.0850544483441149,0.0170111222442075,-0.32772129388227,0.0415561726929594,0.0364465663601927,0.0349367752590681,-0.0319771928151753,0.0475691218051546,0.0457987755069973,-0.134677339003748,0.0339633905897196,0.0481683987542296,0.0299683384559399,0.0704628809458105,-0.0346548980327399,0.0225980010407767,-0.0650275118540429,-0.107715045862644,0.145277933629566,0.0158196720865087,-0.178882044254341,0.0576106523779978,0.178655653579083,0.0212821981340481,-0.0696360744529558,-0.0987632085840291,-0.00920579939865895,0.106224917072554,-0.0246033032595045,-0.0139162654848684,-0.0520443083563631,-0.0515776519455837,-0.0976073304806224,-0.00563158460872071,0.0802707581820066,0.0225193682349403,-0.312940903584783,0.0074814971731576,0.104678251159416,0.0761295217920932,0.0654480748535382,-0.0821804045114685,-0.0408684111059308,0.00575449020160201,0.133294559143653,-0.00330817084315038,-0.172566453326216,-0.0704631263164446,0.0900929867418951,0.130106840601551,-0.111029472516773,0.0539147960091837,-0.102802982181576,0.106691208380878,0.097983516499728,-0.00977066456595432,0.121081346577996,-0.196853121383012,0.15240291423831,-0.0155688093213424,0.0350049116295037,0.0491473664500441,0.0853816285471587,0.0736886403701411,0.119650105735509,0.0126347728308869,0.0103697042600595,-0.0669205688714567,-0.0111387069731563,0.00856997626607736,-0.112138302448055,0.0575517204389464,-0.0395621606410717,-0.0161503569471972,0.00687749188898068,-0.0211322062011341,-0.118389052597832,-0.0924404061105211,0.0803041520695207,-0.078973757911462,-0.0255378048485166,-0.166691983437714,-0.0397793956604895,0.0112980669306104,0.0780547593953571,-0.0801088061530413,0.0151008261502641,-0.0260522744083098,0.0227219471444007,-0.0926657522819188,-0.12308483913795,-0.1348179146819,-0.0280656324959065,0.0521415928612492,0.181150022126653,-0.178272808378118,-0.00185917808180003,0.0131877424103317,0.0589110709353129,0.0082159944807636,-0.00237061280009776,-0.13573047073027,0.0309813218362773,0.0316082179509003,0.0593444965063439,-0.141301268593698,-0.0762498676497385,-0.0127431928783639,-0.0689206934974949,0.0376030569187757,0.0568891933079252,-0.160638398308336,-0.0179995686571184,-0.0236258690128923,0.163307161431002,0.0303074598436801,0.00175028978750436,0.124561803247905,-0.175748186622876,0.214145494345088,0.103892637658256,-0.0486233282716739,0.0582607715904837,-0.0663254668296465,0.0484962383910663,-0.0419639438391877,-0.0894760647848383,0.0386090777082115,0.0103119279658688,0.047452208573215,0.0529306346417522,0.014383917140135,-0.0636909908418404,0.07340471809772,-0.181088484566601,-0.0439950192425793,0.037401597561616,-0.0492261488896566,-0.10625275578738,0.0297377343157081,0.056241784857205,-0.120526505478167,0.0341771196898668,0.0243935457683206,0.0857047857746194,-0.0107904136799437,-0.0464198044526261,-0.0222505804706188,-0.106513042105729,0.0174225075001426,-0.108786778604244,0.0518433190166792,-0.0494679824068283,-0.0347446369674889,-0.131736448477455,-0.00346800934349867,-0.025865327552963,-0.00824086102893107,-0.105435653184424,-0.0743677756246321,-0.101038852767985,0.088648068679229,0.0703817423769633,-0.113559014704474,-0.0528491494504557,-0.16121503391474,0.0744912830943574,-0.0554939658559777,0.0184729573398479,0.0769936585989484,-2.51342188293258e-05,0.0104213539394276,0.0417471492239139,-0.0637613438399871,0.0813427746034829,0.150871808437927,-0.0575403016576415,-0.119680791262868,-0.0612175517735314,-0.00929550068300689,0.0119920436770211,-0.103120547470513,-0.0296454232298129,0.072553356302576,0.0543906885221166,-0.113483794013566,-0.0200273737642549,0.0210463913117813,-0.0901127021549213,0.0979590797374807,0.073140453780687,0.0467970284665142,0.0172003841007433,0.0918158129241804,0.0155769729064508,-0.038496767685702,-0.0355518049850447,-0.0232004726520021,0.101800368569497,0.1600747003329,-0.118149001739214,-0.097210426569958,-0.153628075584102,-0.0549162028729246,-0.051374775019934,0.12272587500613,0.0916933705149914,0.012701442783126,-0.0218499489725641,-0.0520848479232305,0.0107292225321194,0.118633172779657,-0.0231835353501681,0.00170602225206062,-0.120921290076137,0.0491524164507504,0.0787063464638096,0.167836885543438,0.0777532512421182,0.0390845888869191,-0.06265280022353,0.0482199109512635,0.0236149642533943,0.0246062894460384,0.0539168394504888,-0.106774287609785,-0.0950150597273547,-0.0230893579545155,-0.0816180021655271,0.0678212990230922,0.0975079024731813,0.0740843605167094,-0.0184893567974447,0.176371104035858,-0.0541013456682498,-0.0474743393786401,-0.0157699457565981,-0.0040942280319225,0.116958394590957,-0.0209617992972886,0.135469114292865,0.0162970373588434,-0.0201671044539165,-0.0369741386149083,0.0128765435344427,-0.0431897731469615,0.00640172509132508,-0.0506161779282812,0.00650235619174855,-0.0676067430383691,-0.14105612585953,0.132027617871036,-0.0557456885356666,0.128025304085603,0.0150073712602459,0.0783341218881641,-0.0965776513335963,0.0253631429386283,0.00492911580953548,0.0824391439125867,0.121182921368411,-0.0464989948833376,0.0940243015281998,0.0761804849123053,0.128743771821962,0.00347958800304604,-0.0614227540134111,0.0700372416436954,0.0243558172324114,0.0435596529448739,0.00178955910830991,-0.0965393666067476,0.0275239829719327,0.0301252007136716,-0.0909999350440422,-0.0406596198836935,0.0033089097758574,0.146657058041604,0.0504812379891388,-0.0120813180196047,0.0731821420544145,-0.157169058305691,0.117206516690089,-0.0527030352251581,-0.123689914667735,-0.0207133890145195,-0.00335223757610859,0.112762214200286,0.0597378728219451,0.0700996333896322,-0.00597373238712251,-0.0781147288511024,-0.000401256302571706,0.053035531892728,-0.0546661618821367,-0.0216023739495173,0.0488168365551047,0.0314035165501645,0.121783214729655,-0.0404060998254954,0.163890839530815,-0.017033621187617,0.0148432596802075,-0.0603891928708196,-0.0168831720413527,0.0193793460838803,-0.0214715030958645,-0.0296730311129916,-0.0276743904976349,-0.0871918985842108,0.0935830896914986,-0.00852674323808333,-0.0709054373458566,0.15049447227657,0.0193020181501242,0.0833704929683949,0.0366480344174611,-0.00873134567151457,0.00446009476089859,0.0293350740198406,-0.0144677386947989,-0.00270667393308965,-0.0846839819650054,0.0163927704074094,-0.0390175786292097,-0.0662840957591193,-0.0269635319210106,0.058927972838249,0.0802223450927899,0.153203379216408,0.0277974966135823,-0.152744611339691,0.0111210908542756,-0.0516493297026615,0.0101844767041392,0.0569156514494746,-0.0730673066110663,-0.00498896517973346,0.0859368135370191,0.0590743565015615,-0.0489997863825469,0.121971881775208,0.0413469643318385,0.0657156444176277,0.0334004345975862,0.0664338149391612,-0.0172280683478316,-0.0811541401988447,-0.0417332809889048,-0.12879695824824,-0.00539151141607208,-0.12491977580499,0.0695953292661871,0.00473295809366547,0.211563692643356,0.141575194598222,-0.0287074968958332,0.109151085521615,0.0193305459702025,-0.146955384724872,-0.122445355437856,0.0780066216500335,0.0546120439321767,-0.162534894466127,0.00683972780458841,-0.0502779300021059,0.0520275869023641,0.0359969057987799,-0.0156817446326292,-0.0627194723442166,0.15707379283947,0.0682089812860414,0.0200133285190938,0.0855224296893944,0.111986798684095,0.0695900047010909,0.0292577548879711,-0.0281761724169756,0.012917551313214,-0.168470559342266,0.0833726617371073,0.0546487435056351,-0.116426628895951,0.0218807567057866,-0.0935155109799148,-0.00769304132019855,0.00955436205915006,0.0176920560330438,0.0574460736842326,0.0713395147697227,-0.0375504406206879,-0.158932071561116,0.0114177519578875,-0.0555900112711312,0.116690338352557,0.0554493092413744,0.0349095317700248,0.0285704468286354,0.0140658386452923,-0.0529065762546712,-0.088177538247793,0.0700758119646085,0.002735792199549,0.0959402562492497,0.0157267696977861,0.0319930361675054,0.118676276161013,0.0916592626990556,0.055005812238591,-0.108609422841691,0.00923473446313805,0.112396319182808,0.015970826628334,-0.0830871191050533,0.0961160113310111,-0.00668802947724201,0.0190172498501451,-0.151369425081608,-0.0487453544349554,0.0722445279899206,0.0027761982760639,0.0971402322222275,0.244393787159271,-0.0176506691286802,-0.0518980461852561,0.032421749499151,0.115461352681096,-0.0570885756584767,-0.0862666757323307,0.0889450117913955,0.0875667225372299,-0.0511637585170548,0.0547847388901161,-0.0830344323681365,-0.0252605914192934,0.00690142410799011,0.0250611335945381,0.0020544460952503,-0.0134702955914929,-0.220743264952539,-0.0108196747681433,0.0204938338793053,-0.0246416947345311,0.0529705224012007,0.113443648266567,0.122303095979289,-0.131603096654271,0.0357452092950667,0.00880464322617347,0.0701186663693778,0.127038503595174,0.0224072244415319,-0.149238435032307,0.0116309353771287,0.0260970527998703,-0.00796395047023513,-0.115260043073294,-0.0719340474043069,-0.0154950632491726,0.0453526021575001,0.0831967075180526,0.0543557497269336,0.121031523427734,-0.0773112109166001,-0.0397679194658593,-0.00531136566215595,-0.0758447546495895,0.0751359862654284,0.0191413033848322,-0.141799548102077,0.028311980903442,-0.0394789312713502,-0.108582693343956,0.0275386976510363,-0.0653780848688514,0.0382193611494128,0.195905851180835,-0.0415775099758235,-0.0486815818379447,0.0201365920649157,-0.218153916626518,-0.0612006592329508,-0.0260263369452987,0.0172130473948275,-0.192611423300372,-0.05640934238202,0.0265256628291561,-0.090639982634968,-0.0122395451231743,-0.102819099272168,0.0102219154811056,-0.0664597013687005,-0.074109350991483,0.0797689353772564,-0.0529160336581063,0.0848979922730422,0.0421478572129494,0.113686809319107,0.0862201265730591,-0.0249663546566068,0.0154649283352513,-0.0530849478948427,0.057019027509901,-0.0444300662010142,-0.0526658426692839,-0.0504665694602688,0.0841072702730532,0.0435260091642424,0.0798990111150661,-0.110043623403492,-0.0355198133412351,-0.0506452571050469,0.0244307985609606,-0.0369026714251621,-0.107688738027639,-0.0527773034901848,-0.189564730643097,0.0577280741585375,-0.00686376073738648,-0.0742833656636077,-0.0931590837564231,-0.0620654421240623,-0.0581479757437848,0.086730231825964,-0.00862332727963544,-0.00256337908391613,-0.0514828153895519,-0.141090961062998,0.0962648802911406,0.142274148478978,-0.0223284717054901,-0.0532952383462115,0.174482728612908,0.0157108864917777,-0.0250226978092036,0.0137207418354646,-0.00714937850596709,0.14411405704614,-0.0341718795636812,0.000448974712968342,-0.142401128463863,0.160801334734912,0.0421469342785201,-0.104273150900157,0.0817180291615713,0.0694978686346441,-0.0266769511543803,-0.061562993517847,-0.109862250373177,0.148770258278113,0.0681610609797256,-0.0383144773856126,0.0690262963240689,0.0179248354822987,-0.139034038757308,0.0758762199021625,0.0267212000473851,0.14984868541808,0.0215094123387791,0.11788104137165,-0.0861666569233428,0.0622505643407583,0.0482312677827621,-0.0548664767817657,-0.0366843227079698,0.0142582631447656,0.0757954306642001,-0.0952263786523693,-0.0979108264591169,-0.0234393513136073,-0.00227420414130508,-0.139911197815755,-0.0273593414243267,0.0542219501118659,-0.164832632219304,0.0288357140894722,0.042995079299196,0.0126570409562403,-0.0742667995221544,0.016603709950338,0.017335731720773,0.130175142957719,-0.00524216224103213,-0.0671520973567281,-0.0685609853695732,0.124791906781561,-0.0527813911282484,-0.104367250936552,0.00925223779409867,0.0652136444129989,0.0398634571192278,-0.0187998625362513,0.0172140668319312,-0.209045415967573,-0.024805773130141,-0.0578212485806158,-0.0463485870991573,-0.0288133811048299,0.092666311193415,0.00300912346128568,0.0118124903135932,0.0338350831374949,-0.0327001511593217,0.0944110685860367,0.00691093113837526,-0.00183133554362858,0.0449022647625519,0.100846348957359,0.034008582517207,-0.130820600132255,0.0238654753428995,0.0345637142354991,0.167217996845538,-0.0768206595227467,0.0607564851518325,-0.0157435158763422,-0.0691621787695436,0.0913412425379407,-0.044806370139348,0.121437961003085,-0.0893714169323188,-0.00507194932933697,-0.0134535092785195,-0.0652883702981613,0.0509001259788795,-0.0273596846668527,0.111195397526832,0.0473055024837552,-0.0322728967198627,-0.022899322797068,-0.122837917960835,-0.0724398626833809,0.106073132921557,0.00858326922539931,-0.153042533746857,0.0977043851871184,0.154358601836325,-0.149665554260464,-0.0220265138504736,0.14408581116256,0.0784101477145795,0.042328333334374,0.0510029344389133,-0.0373908448651106,0.00973471939116521,0.07234975158809,-0.0238533674852031,0.014372171431086,-0.0226192304280888,-0.0158683381851317,-0.0542909107914129,0.00272139437137264,0.0449930931747642,-0.134083964127386,0.055199431966968,-0.142788427261336,-0.028384386747041,-0.063310465307413,0.113594751679883,-0.0214055358578511,-0.10720853923902,0.0195320188591954,-0.0512592764047688,-0.04122521988532,-0.0044636896566157,0.197633271926581,-0.0372369544848654,-0.158569857616814,-0.187628913198096,0.0503998935338152,-0.144067567214448,-0.137381283652551,0.00174934611705035,-0.0526320379020229,0.100912229902664,-0.0804781195047308,0.0133388278246376,-0.0780181150984616,0.0507142148358464,0.0695254272350023,0.0478954608830446,0.0655603064351458,0.0219917773990264,-0.032847826253553,0.0539637344682864,0.114584304611461,0.099069430937119,-0.0520486485864868,-0.0714678855609145,-0.0638767610089022,-0.0491685852756825,-0.0929227322368247,-0.0245306079622307,-0.099414357361626,-0.0387283485728664,-0.0430790068852716,-0.0673845668699302,0.0636134184552795,0.00465935393586969,-0.0163196677607518,-0.0715757819410259,-0.106877041871725,0.238061678375962,0.074221150626927,-0.0781014347348084,-0.00484123011900195,-0.031444024180785,-0.0210663939591207,0.139828573863112,-0.0960189492050212,0.0867704485214766,-0.0592291736638382,-0.0298546299133911,0.0955312308503116,0.0211861945926208,0.0134123566929172,-0.022706430681509,-0.0578156857147487,-0.0351267003547253,-0.0404227599849398,0.086740993544471,0.00294715342371665,-0.179253614517056,0.023066906734921,0.0445308132942257,0.022254365694335,0.0339751039762999,0.0184495851539985,0.0805671705132411,-0.0459577346222368,-0.0883237773546819,0.0573294880525286,0.122495828097522,-0.0862102220789072,-0.0414197007279746,0.0086937292726792,-0.0516793034679845,-0.0984874970344238,-0.0208874651881881,0.00178000063097827,-0.0216708853675911,0.0541317872409521,-0.0567675584018641,-0.131517219098924,0.0822360142885168,-0.0229626013272064,-0.0507041061752558,0.0844454099581926,-0.0923651676733259,-0.0348765568034759,0.12980736002913,-0.040693924475681,0.0931827918449999,-0.0136365715912028,0.105883963739521,-0.078198007844708,-0.0671829988497894,0.106182273627866,-0.120542246908193,0.0783848746126803,0.0387011362051051,-0.0768577884289177,-0.0359204221464089,0.0996837585021573,-0.0277832705841581,0.1608732241927,4.47148535362984e-05,-0.0633777827961359,0.0809013844634072,-0.0648320590672817,-0.0772661078452694,0.223164928177272,0.0722076519973163,0.078036598761879,0.084608547591549,0.0472703400221937,-0.0885420960028811,0.0651422752371473,0.00485717568898325,-0.106709222245983,-0.0208189984427074,-0.00255275357245077,-0.0597427819419956,0.144799976146122,0.00291460214414352,0.0420664773930925,-0.0799483710704685,0.0592567860548008,-0.0384854497596949,-0.0672555107943098,-0.0625011764944547,0.101704922972959,-0.135163960221539,0.0337847139039806,0.0697143067311845,0.0196005319824328,-0.049096841820754,-0.0162397461060757,-0.029840906262931,0.0778384987519793,0.0518177956403227,-0.0559390568039744,-4.90749774839649e-05,0.00330548271265685,-0.0530567682795029,0.0638340571848111,0.0253602115506391,0.0891098374686619,-0.0225880582752644,0.026871214956574,0.0747053048480568,0.0301616841634123,0.0161527758166595,0.0371842347874562,-0.099183637346751,0.0246278896042331,0.0383567983153981,0.0136756611006352,-0.0769335903764166,0.0584637408712245,0.0449684565949333,0.0261032185814822,-0.0258846473685477,-0.0179957799211978,0.00190269591365277,-0.0666179620339213,0.0160793220175168,0.0841184828487944,0.0227100117853332,0.0953149403016218,-0.107057841392624,-0.0196513342321052,0.0572867840974856,-0.0383227261580665,0.0126987033155737,-0.137482287268636,-0.0454972795255628,0.0160421605071961,-0.118846444583931,-0.00381267920904316,0.012097579006249,0.170317377320615,-0.0147568606132209,-0.00456761764234681,-0.00812239786871594,-0.079682336719205,0.0274996598336175,-0.00311814315445513,-0.103289425186563,0.0263198879301512,0.0258350917116044,-0.0678916299103105,-0.00318620974185446,-0.107483527869334,0.0292853653046088,0.0848985473444273,-0.093078414375471,0.00461794496837831,-0.179485456527487,0.0832662891280447,0.0113196186404729,0.108550780819779,-0.028237894741117,0.119348498745539,-0.0533261578504152,-0.0359951215938352,-0.101159184723392,0.0438467728118415,-0.010917261377883,0.0746058501681954,-0.0490787524015897,-0.0947656901125895,-0.103513865535635,-0.0125615525478571,0.0888690900351801,0.13033811610507,-0.133732424218048,-0.0751244314086721,-0.0388647088830352,0.0448845246386254,0.0919703102646048,-0.111559498805208,0.135035366172464,-0.0275698685574497,0.0804792440085458,-0.00394732447288115,0.0346098307442024,-0.0233021125925088,0.0548131436968882,-0.0465113541275279,0.103700371333404,-0.0521974657292725,-0.0232543704723711,-0.031965672557019,0.102531258261656,0.0358399323308669,0.0889212084825977,-0.0233661867726309,-0.0335772925700111,-0.0101107457182903,-0.0117973507566855,-0.0367098073313086,-0.054983709426097,-0.0230186165095478,-0.0959326528743483,0.0967512456029935,-0.0635642346506833,0.0391898258634558,-0.0375782933406095,0.102005900199971,0.117365549956626,-0.0237286271176229,0.00584272633519367,0.107514071081454,0.022599188964634,-0.0696345821590829,-0.0364954961098771,0.137454703175341,-0.0211452761091198,-0.0277923601086774,-0.0838999975278845,-0.0283253939769237,-0.0761473410350773,-0.238188747246023,-0.0650595892697412,0.0813301772329922,-0.0430356981804385,0.079787664097466,0.0221528694747606,0.0211261482280998,-0.0149977033099309,-0.167133435712092,0.0463739033346948,0.0638563316143856,0.0617051253815828,-0.0678604437513419,-0.04976690380078,0.0712237989454156,-0.00088875606646166,-0.0383046938014462,-0.00451196973205636,-0.025372576665966,0.0973806526303105,0.0878583734251868,-0.0122580609559577,0.0118952970507253,0.139300447636507,-0.0605808774218457,-0.0216730350837526,-0.00683314004287849,-0.0199560514855102,0.0545494953787031,0.0207266347476416,-0.0755606816769392,0.0154249231156207,-0.0376786272493077,-0.0196686398818704,-0.0572473006401562,0.0219397059557034,-0.0243066014489592,0.014380245063315,-0.0252139929984461,-0.0875736472128139,0.0469342013404983,-0.00937033086993067,-0.00914347472110366,-0.128883779391645,-0.0570772959159953,0.0528056166037225,0.0673921462930778,-0.0569377803125573,-0.0519354715900322,-0.0219532014813639,-0.0187918187596288,0.0152567837037934,-0.115214376302222,-0.0149121245688457,-0.0856380678409834,0.0406843750771415,-0.0296895505684218,-0.0110791292143153,-0.0140092200847106,-0.0824983616853725,0.0406124377317183,-0.019999715761239,-0.00610053600503502,0.0541858542518239,-0.18032329946873,-0.119253899801245,-0.0280785453771899,-0.0995895764772889,-0.153780911782583,0.000689384652714953,0.0293213826727463,0.0636293400912999,0.0455779449281062,0.0924156875768689,-0.0751967004078375,-0.0632394125569853,0.017282956803031,-0.0389173251700381,-0.0592003166104371,-0.0983742800471834,0.00849923115480355,-0.033690846075114,0.189188640548845,0.0154316693227257,0.0672048006192179,0.069840717424605,0.188305620505541,0.00317961207260797,0.0470737891247435,0.0390848185918351,0.106251569813293,-0.109145750993654,-0.0417139945806437,-0.0857169423814206,0.0947007435267824,-0.0493145458865643,0.0261281820786889,0.131609032316184,0.172943499025788,-0.00633438165518863,0.00303359853762597,0.0493982200276468,0.0559022325455745,-0.168410022758756,0.104279530980719,-0.124904465222019,-0.0353419661936591,0.00486700483516866,0.0553210543939837,0.0468238791291995,-0.055869783534741,0.0279270315340376,0.124466724648518,0.145882315114142,0.0605951950786947,0.00301171845728798,-0.147181597229446,0.187815536129861,-0.11190245990232,0.012307366998249,-0.0133071299210306,-0.0345129711155758,0.0248756733871769,0.0555008972979543,0.136188543446645,0.0525308952182004,-0.0309017404088063,0.0260338914140148,0.0404972781550528,0.0835095506357459,0.12118882691324,0.00144875557314528,-0.111341246387019,0.144751923418319,0.0938218318930186,0.13049444251015,0.0684620348228568,-0.0360842907875187,0.0948739739327267,0.00835610868619163,0.124127306028567,-0.120139273873483,0.0816924611277987,-0.0465499660409541,0.00624103497963313,-0.0168940231127652,0.149662521394722,0.0566586528089581,0.0481124783421283,-7.73837920746701e-05,-0.12815521135669,-0.131998647056956,-0.0680728254494358,-0.109331500425317,0.0380005479491075,0.0774002400165186,-0.0230895741599282,-0.0245474010052633,0.0756375364042332,0.137890355098153,0.0311577491151542,0.0279469351029666,-0.136178773255676,0.043278319944948,-0.0165959358373482,0.00468399313104695,-0.18959305120852,-0.0851978146557295,0.124359333290061,-0.0203064338739942,-0.0348746342865702,0.0874558080695023,0.039843021892896,0.108335491649715,-0.00368004746653838,-0.0281357693866275,0.0344884119944076,0.055616390720042,0.0132659625036167,-0.0200238903150449,0.0787554800691792,0.138494696132617,0.0764679586846251,-0.0538691160630478,-0.0798690069275363,-0.12207256113398,-0.0594962016990506,0.0202704266039029,0.061698117355069,0.056294602627323,0.00644106361067398,0.0454969119347661,-0.00339570352970808,-0.0936539702238655,0.00238624818439614,-0.105948846731997,-0.043634069385833,-0.107601271619409,-0.0959075525068935,0.0107294913825053,0.0213725775058689,-0.0280339356848929,-0.00114186792865301,-0.0528633251613746,-0.00179736094829774,0.023965755968649,-0.00667520803935373,-0.126837119057842,-0.0538818992113992,-0.0270906721326676,0.13581611049512,0.183887359771466,0.0447436965821995,0.00228737160596126,-0.107025398050247,-0.0248662755498708,-0.0249001852628776,0.0220811808553947,0.130652143207129,-0.0573773694527047,-0.138693561775843,0.0834568834694718,-0.121313183278566,0.0883856196632311,-0.119752086886266,-0.149594734867831,-0.0169448322685923,-0.0152288434992629,0.0204844197883038,-0.0675484326193927,-0.10172382799597,-0.0674184267999616,0.0396713942715259,-0.0296404856705825,0.0542833080512446,0.0827245594181698,-0.151231536668659,-0.0188868514346163,0.0882250737102885,-0.150234823174391,0.0365107926535548,0.0574768534302748,0.137031171210252,-0.132612584295889,0.0697235984297704,-0.0509273564080415,0.153908192527693,-0.0056293180186322,0.122662087939577,-0.00672661141210185,0.121441880042561,-0.0937249989040971,0.00677261336060653,-0.0335492176974244,0.0444426531158733,0.157566875372381,-0.118237771310192,-0.00699686048602599,0.0868777001093584,0.052800924994457,-0.0301967396931762,-0.05183782566706,-0.00693627129863605,0.0537159536795024,-0.0573393667432907,-0.0227607298312029,-0.0560465033116593,0.00809929746177152,-0.0607529420133575,0.00624355964833434,0.0426270092250656,0.0466065399933109,0.0192581473605378,-0.121476080333998,-0.115544801640836,-0.133850052995922,0.048903634384003,-0.0249624207749681,0.0399603810244327,0.0699778152252875,-0.0931493026411219,-0.14558389891559,-0.0966150692161913,0.151957570166823,-0.127059141393477,0.0526149987960927,-0.069723198273163,-0.0270533655258234,0.203490475405961,0.113569294046753,0.165638558556832,-0.0925445734529511,0.0588380317743433,0.0103939558547086,-0.0721862349096432,-0.103193842656318,0.067725132869721,-0.0731720916003211,-0.0051240606142593,-0.0867646893515031,-0.0516029110493701,0.0366280477251193,-0.0330254461806776,0.0162996813681335,0.0288558605386822,-0.0318768938955181,0.0699331832226973,0.000674972827565457,-0.0279949563130746,0.0377242548423711,0.0392008013918124,0.00688651607631119,-0.0050188025777298,0.0490543210278434,-0.0855118555681313,0.0728474361383311,0.0395113911279095,-0.0928227277298057,0.0700759972820482,-0.203443505771657,0.161302939198378,0.0620855673504783,0.0862741374846823,-0.0032686894385936,-0.0961161108593585,-0.0724586607084969,-0.0174457259486522,0.057575516102816,-0.00928358190021417,-0.117657155511938,-0.156388002345371,0.114014188992087,-0.0486846671683208,0.0537291331081469,0.088446874900042,-0.0235047149207781,0.027671059667794,-0.206224565752297,-0.0521455107804449,0.0564490825337138,-0.0654787587266767,0.0643839870707419,-0.0801873380981775,-0.0147872613097668,-0.0246265928244838,0.0729126194397658,-0.00358742300639525,0.00823252000157959,-0.148246830570599,-0.0396942757084862,-0.016255414509442,-0.0468240262191988,0.092990252312998,-0.154664578374293,-0.0473937579988091,0.119255990621053,-0.08262314951978,0.0716364959364149,-0.089294758497755,-0.119741269986307,-0.132307744012321,-0.0145050467361942,0.0212088864808111,0.0647886318357787,0.0864146260621703,0.0081649017797738,-0.0284587889208141,-0.0271875132275547,-0.0440667572849298,-0.0327700953827565,-0.0962115787645792,-0.000990184005254413,0.130767722639691,0.105795732193932,0.0812612212858812,0.122903294502569,0.020466592004742,0.0710726244261477,-0.0418226445476231,-0.0297255550157498,-0.0220426986455995,0.0150179323235828,0.0239240874246793,-0.067265869553792,0.067483028893101,-0.0572416878924593,-0.105862675386789,0.020099689216309,-0.0185808746808362,0.0184362347889857,-0.0993568227074744,0.00339333584607093,-0.142022991603148,-0.0470390912757397,0.0189736127507139,-0.0159898405531247,-0.10189014364431,0.0899826433099993,0.113203036234165,0.0334901268413714,0.0278187155716054,0.0740672253165229,0.0542376959256148,-0.122765003858807,0.0500589996611216,0.0282306897371594,0.0443159864418767,-0.112645353517624,0.035162227992942,-0.131903242189345,-0.0885949813008948,0.138253703560712,0.0270208835797641,-0.0157703427264706,-0.0195496682859355,-0.0197263842214346,-0.00590140481909884,-0.112668766486407,-0.0423040837070419,-0.00387743548077069,-0.0387268756963914,-0.0548657814843949,0.0466981904796269,-0.0248316646992226,0.0366486685487879,-0.036436214770041,0.0709094688819194,-0.0661410811246927,-0.110613371679458,-0.0789057268507296,-0.0824738028541709,-0.0926838570518949,0.095160336384692,-0.063631302179942,-0.0232921723779018,-0.125078319829385,0.146521975058525,-0.144250835402851,0.0347579118317722,0.047766467167552,0.00899733197261465,0.0015443365687493,-0.0367576570609573,-0.065736049308887,-0.113865308085336,0.100282544315354,0.0319894797656919,0.0423049737447103,-0.0182206766793511,-0.138011987564206,0.159235342357888,-0.0994145961871222,-0.0794511195068259,0.041958026881957,0.126166401967196,0.0618606471279843,-0.108562419691669,-0.0290892258808744,0.0226955722778024,0.120793418001071,-0.0618955145298616,-0.182980991031824,0.0389044214379399,-0.0788858991703432,0.146909897648065,-0.0505284066756619,-0.0460559181858211,-0.0395978247935638,0.136998110441185,0.044477649652068,-0.116775759654402,-0.197314286555578,0.00527235454395214,0.101256916321048,0.175329184181779,-0.0782688336996209,-0.0339738595114278,-0.109537826117751,0.120986583832268,-0.00680828296932834,0.0289050834774818,-0.0549317874586279,-0.0386249207143718,0.0732952998705074,-0.0943180891382509,0.0573660237539013,-0.0295560887801529,-0.181286074389139,-0.0339122849392073,-0.0157622366942678,-0.0452227338007916,0.033250175696258,-0.00937567190943067,-0.128643485194131,-0.0152456097781331,-0.0341140687186066,-0.0477864687722072,-0.23604263713045,0.0402350980434187,-0.020684534249138,0.190170790938675,-0.0518040494316416,0.0407483918606883,0.110877864632938,-0.0031407078472756,0.128254333642589,0.053667296808602,0.0598218175472705,0.0179883885966676,0.188875905617768,-0.0886610579807563,-0.0171736678236143,0.0683908927142263,0.0335543296808889,-0.102317923438318,0.00449429653069977,-0.0620688397287972,-0.0121990096827305,-0.0606314094301394,-0.057749701958596,-0.0198737725510147,0.0319546142718705,-0.200894657346483,0.0225574431950943,-0.174644390682849,0.037621170501642,-0.0555613968315849,0.0626485201348286,-0.00573952096997798,0.142452170530616,0.0961729234057072,0.0462092888605328,-0.0846430074294644,-0.0540004226852346,0.0559434325928951,0.0389599621026435,0.0985181686726595,0.154621161268592,0.0649228994418616,0.0217046207923399,-0.0148577877146394,0.0608234300426331,-0.0709377467428407,0.106487440517662,-0.0738616992237242,0.0420334692444162,-0.156723933684367,-0.134659727323885,0.045372189285743,-0.0191757023051879,-0.0675834660029104,-0.102707981740326,-0.0461185106009538,0.00983596392205599,-0.0675658631707652,0.00180709009513902,-0.12480061039106,-0.0805132772816921,0.0113585329116819,0.0273293152815359,-0.177351467985252,-0.00926515167131603,0.124578118752304,-0.0132975361877539,0.0243949457605908,-0.128674634160409,0.049526165701659,-0.14774698166547,0.0495322342123155,-0.201917172173738,-0.0479443528626886,0.126116695337615,-0.0278353526130997,-0.0259374825012264,-0.0437409683230952,-0.121709856923153,0.0285045671332018,0.0791874707328566,-0.0160690207906997,0.146280571771674,-0.116557257931177,-0.0928091952865877,0.0838698921177046,0.0233774717416924,0.231267062534447,0.0206966104106909,-0.00732989134509587,-0.0145615483526118,0.0414992071809868,-0.0667683512942654,0.083263039941516,0.0518766768805197,0.0871504573259378,-0.0433951776165364,-0.114283426098026,-0.0110406733213768,0.0878686255214327,-0.015038060918128,-0.122297096511472,0.118212572730171,-0.0914173733937531,-0.0133632891379207,-0.023007204170542,0.0241461231267073,-0.114009987697596,-0.0716754364967782,0.0643472046118552,0.0314705682956018,-0.0346456798247106,-0.075053541430949,0.0957941191467948,-0.0231352524700488,-0.0812995154399805,0.156367231248157,0.0252027422239229,0.0620811930468279,0.0517036822252124,-0.0208437422014964,-0.0347645268372343,-0.010952225182252,0.197581785257251,-0.0700695587865141,-0.0349414344792618,0.0846629337758784,0.0369545197212806,0.0800567733293005,0.130201056126619,-0.060152053287986,0.029309488809411,-0.0845950864690499,0.0322348245458877,0.0339464630876478,-0.0195690476283867,-0.0821432970781544,0.0299626916672842,-0.029283559449107,-0.134964325811204,-0.0377666640700971,0.0349544100988541,-0.0137633997309634,0.0463220688596886,-0.11747634660013,0.0390929841184999,-0.0544146997201622,0.0939319179298581,0.0208127535982392,0.024158458409727,0.125609199062257,0.0801440523558956,-0.024480950557678,0.0763046723091745,0.0387092826091182,0.107163626854028,0.0918819019226089,-0.0183531010155833,0.0204202063258205,0.108964523031076,-0.00266260530995011,0.0589232115346543,0.0673400018972168,0.062094665747753,-0.0378907878177794,-0.0751507099362927,-0.127442773083681,-0.0215630232786737,-0.00525152716294119,0.0954610627563894,-0.0069632563207227,-0.0709856319785622,0.112352181355035,-0.0724474599330445,0.0514749408644934,0.0874420737452355,-0.173012095022555,-0.0391267063265075,0.00641031445588025,-0.00510541858771196,-0.286988823748293,0.0223328445263773,-0.104592920994362,-0.126566500173255,-0.0918598727580529,0.0723708962427727,-0.184367329178426,-0.0965543840657404,-0.0624183902169078,-0.0590834812986021,-0.0526829756234495,-0.0327289626318934,0.0792332993376808,-0.113406510105408,-0.030009763859693,0.0413768189989066,0.00209125857289383,-0.0288145076345994,-0.0825420203848468,-0.0204997457663594,-0.012168890172072,0.102958932485229,-0.0823959707074406,-0.0521204270577105,0.000695398062613428,-0.0180468211908589,-0.0406619345765411,-0.124680883450069,0.0864072943674499,0.091682343804941,-0.0716592183346672,-0.134382201036818,-0.126473438456308,-0.19307365140699,0.0108576961195839,0.0725187665046643,0.0579547936910438,0.00731760412786508,0.0270569742771787,-0.0299899786516296,-0.136569599988585,-0.0743165007174977,-0.00985459981901737,0.0321097447320478,0.0762645487288598,0.0459479276299337,-0.00277418222136649,-0.0283182735041172,-0.00400785713830309,0.191608453009777,0.0308350368176331,0.048337983175665,0.164924711101273,-0.00966281416744064,0.0126556254051708,0.00350344537073077,0.0520013973279916,-0.0413913436813762,5.2590354933546e-05,0.125236341236175,-0.0577260281120431,-0.104697590015778,-0.0327258892893445,0.00393398217631136,0.0528820712317508,-0.122816148047058,-0.0754425791687829,-0.0075355912459627,-0.0758427935231576,-0.0947312086855008,-0.046229321059629,0.0286174808434501,0.0204009862864982,0.153817633353432,-0.0192899194312028,-0.101675675455668,-0.0596699336048561,0.0260283204430554,-0.132618838651689,-0.0631885998963688,0.000374561128464901,0.0163992856653339,0.0456992775082909,0.0459961311544306,0.00698801149591888,0.0798173173224996,-0.116919818496381,0.103246640335004,0.0400515127425891,0.051322363020615,-0.095151366277979,0.0440326937228577,-0.0192648043681007,-0.0577762266757302,0.0686236085021994,0.024312312920151,0.00733614332834454,0.040601360747242,-0.0477591626216665,-0.0990583948138921,-0.0363211292285861,-0.242330631699631,0.117466830752479,-0.0322240696568254,0.102096944313919,0.068187675384173,-0.109098961903391,-0.136913256231338,-0.0102235774497879,-0.0490713134019871,-0.104714725613997,-0.0257770272847422,-0.113094176608496,-0.0550811100814581,-0.0253572181271089,0.0537431043339494,0.0224160626801932,0.183102981859552,0.0339170859082398,-0.00136500976091414,0.0141676797104588,0.0404704907287947,0.027442033452721,-0.119420677377545,-0.0291236329129525,-0.0431496481566374,0.0845967268901826,-0.0145498619130988,0.0499616716756197,-0.0255484604412684,-0.0310566666181438,0.0290769147160097,0.00944348350684998,0.0455800174382543,-0.00236216808341716,-0.0915656409255856,0.0720299183126198,-0.0330254291077292,-0.185712557990517,-0.136401320781957,-0.0576620419097353,-0.0436024381791706,-0.0355245431160625,0.0365487730752947,0.0590531499516695,0.0739257501689368,-0.00689563652952474,-0.0476103830855341,0.0662802830241238,-0.127244680091337,0.0389707644003594,-0.210223151223541,-0.0182466914941264,-0.00118140408454881,0.0826327041826147,-0.0276703912173013,-0.0905774772957573,-0.048168592798318,-0.0650393992697529,-0.10715590117687,0.13801811727606,-0.0800817525684714,0.0606360470468692,-0.0348038261744836,-0.0736889497409603,0.123183052372903,-0.0451255555690224,-0.0835015069405491,0.0387654794453889,0.00141128665496337,0.00156023739408662,-0.128805214195217,0.0618638791161272,0.0816914794055708,0.167617491266104,0.0680468932505143,0.000410929798685622,0.115332102439556,-0.0919710422961573,0.0379492825227641,0.107379622350734,-0.0968322408695448,0.00198680364829262,-0.195401447574295,0.193732350877958,-0.0862852485045145,-0.01994151598177,0.021165257454109,0.201777346553716,0.0545158026279724,0.084947995748601,0.0978280662618198,0.0320081603523357,0.0987883516895036,0.0804992622494667,-0.0469335317707182,-0.0108335522785645,-0.0464031533063687,-0.0208172094002719,0.0108898129105133,0.038506611102803,0.0358985139779884,0.0634282495854888,-0.095084495253821,0.0638237691187831,-0.00921385843217859,-0.0886201059187464,0.0131084996254529,-0.0188299151284164,0.0689638678726667,-0.0639581424410145,0.0531054417251191,0.0183999005553428,0.0856232012245044,-0.171301636323968,-0.0334234374355127,-0.0399661973715641,0.0016142050003527,-0.082050401048031,-0.0298877393644954,-0.031315075912592,-0.125612667590931,0.0079892846253462,0.0478748527898851,0.0536072324047017,-0.058505822632807,0.0305703238374355,0.0840161987986228,0.0298920351750693,0.0330396944149167,0.0318415550938282,-0.206295250577144,0.0846067947836964,-0.0215568079999451,-0.0228018636589544,0.127315969169221,0.0383685344381233,0.0127648936647704,0.107258341886487,-0.0794050419980765,-0.039453213639435,0.0219243949216419,-0.0243861264784822,0.140904762737529,0.0345729889395989,-0.100778402703625,-0.0436660954644221,0.00736940291046384,0.106338003920811,-0.0994749054894037,-0.0732260742393844,-0.0376871466552204,-0.0249515711228598,-0.0530190345913248,-0.0145304618444921,0.00495341213875999,0.0913528699476716,-0.118456844968323,-0.07834446194448,-0.0136842264193335,0.0663079298136322,0.138941302452007,-0.0822689841893802,-0.0531549738012265,-0.0435801603178376,0.00757040179768786,0.0879496028009386,0.0207992280311537,0.00153911520538275,0.0181586954367874,-0.0157240054221255,-0.0573615135309717,0.0863437964373093,-0.0445675921015396,-0.0694258392240199,-0.086184491509218,0.0593710597617187,0.0166536596213795,-0.00103208053919701,-0.12332077470005,-0.0472161245298972,0.0175716903687433,-0.000531511263254458,-0.147134307830524,-0.0639596806774558,0.0413024638755841,-0.15431676941381,-0.131589658730119,0.104768772972271,0.0492701108427505,-0.0239483134320286,0.0681120544222542,0.0699399633770696,0.0560614546193972,0.1423938130506,-0.0418750215996524,0.0678561543456242,0.0836973957244838,-0.0473851120171109,-0.0984422525401296,-0.0486394894887749,-0.013446450141835,-0.00849604888288358,-0.0157223320015376,-0.0415432084666345,0.0324952967319563,-0.0272182390358191,-0.0734471082875916,-0.0988002487874446,-0.0970341799445888,0.0400751254339089,-0.0571327036439011,-0.090495359939315,0.048103754901895,0.0131526961312245,-0.0198699828716005,-0.122249164316805,0.108520217545572,0.0524935532913902,0.0395101308826806,-0.113487727453385,0.12759718904213,-0.0348404575182895,0.00952800545846078,0.0956201211196097,0.194315796527223,-0.0317146670360202,-0.0572741660957474,-0.0752340024201095,0.0511921700136191,0.00661199418453329,0.00816447244481067,0.0919635751715484,0.0376563943348467,-0.00187782618814625,-0.0987982789552433,0.0580619410589795,0.0141974493490693,0.026687971574987,0.0544758717428535,0.183028919494094,-0.0883256297808752,0.0257002373815798,0.0830044631138263,-0.00334375221449523,-0.121546110681376,0.117226828097917,-0.130639805853455,0.0402826351497869,0.119929913031209,0.0972470758071808,-0.037948738727668,0.0310102252381688,-0.158622957593543,-0.0198461026315413,-0.126985670205046,0.12674898551337,-0.0537052378484399,-0.0398086618412177,-0.0829048684839151,0.10913530893279,0.0226128541177903,0.150691885811533,-0.0640987964682109,0.138888705754281,0.0122843559429526,0.00521480383913575,0.0127993001667794,0.049294096935542,-0.0631048942436507,-0.0129355783169731,0.0603588351279813,0.117390129554544,-0.00580050882161487,-0.0951056398408179,-0.134561681270129,0.0359296464096084,0.00250418988280776,-0.126042474273218,0.0659379050032052,-0.0510894328649645,-0.0322221401380736,0.0280581935505142,0.0725738274290766,-0.125163801226545,-0.0427489263203862,-0.00268900930728577,0.134465552748652,0.0232394456488647,-0.0820036664883954,0.0958551948969681,0.148438465046748,-0.108424653705957,0.196890140489021,0.0103428849977365,-0.0796064543130104,0.116471872106389,0.0719938552992576,0.0483930259261744,0.026140124118107,-0.0348199851042867,0.0504779069192396,0.214006183073687,-0.00138061077405727,-0.0950475464611138,0.0290639303737927,0.0222453514434511,0.0359701612825543,-0.0769115043519091,-0.0506238642489363,-0.0625873150675682,0.118132895261179,-0.0698694446006369,-0.0819000846515685,0.0381019787548098,-0.129293274272716,0.0967956048436869,-0.0470732044902591,-0.0400332333989128,0.159560842541984,-0.0617413347567037,0.216559800328091,0.0581341569130154,-0.037197360288737,0.048825014557085,0.0442000586945228,0.0130681858908721,0.0535389121523033,0.0266389514249421,0.0295826131666761,-0.00877782846775288,0.103309661056748,0.051617587595485,-0.0263882157991056,-0.0406088789853434,0.0428239256060583,-0.0298809109310567,0.0619531320946995,0.126291177344241,0.0299581955996548,-0.0947108934724468,0.0695874804228032,-0.0573018962076395,-0.0455893636302442,-0.0140022158935427,0.0490719534174797,-0.124038335278466,0.0079487636571085,0.0924347718224043,0.0436086279273837,0.00510556274980023,0.138117755591679,-0.0420419694749801,-0.0117887454016454,-0.0323099629956753,-0.0721556728851063,0.0616655408831566,-0.154874593204879,0.10134497643605,0.0246248062027643,0.0457595566525351,0.0644649055875313,0.0275769422380048,-0.0593748488073444,0.00934220195619684,0.0620144112535548,-0.0234104783069702,-0.0280133766616721,-0.0874027642378099,0.0657308859185488,-0.0433417495291315,-0.0145504652873583,0.0553438513929989,0.0382971359381628,-0.00305115886672747,0.0709265015620093,0.0790994486889476,-0.0642187787569819,-0.0681363826060668,-0.12150718467033,-0.0110144482106893,0.0429152011259775,-0.00429023943276041,0.0234858881930162,-0.0738498599159314,0.050098646567224,0.00309065350323801,0.137019831937822,-0.135405279446154,-0.0992369938919651,-0.0342005725912227,0.128077458997549,0.149059640401652,-0.08945117926433,0.0170099289973127,0.0516499482982034,0.00692053738418164,-0.0287288944864512,-0.0283012152070499,-0.0431894929158747,-0.0390050890441049,0.0672147588491203,0.0401472764855573,-0.0845066841159454,-0.109380022232147,0.0534149631735144,0.0400283824407848,0.0544735041689459,0.0990956898050834,-0.0506458687761651,-0.065627005532086,-0.180762694962444,0.215521911819014,0.0511058218248344,-0.0547583842101553,-0.0527035388776849,0.00205733773652561,-0.161959832667531,0.0817265766584427,0.0731661486764996,-0.0959060783777419,0.0978344199212109,0.0331894536864352,0.00148931175520817,0.0923322900228705,-0.032368487750106,0.079794507621805,0.121051493150266,0.00534555012486981,0.0513121805418786,0.127232692103091,-0.099731391998664,0.0331140032058341,-0.000591878990523487,0.0880068621264838,0.0429938299969643,0.00265241447380982,0.0326897300742595,-0.0815702532997382,-0.0177855203644892,0.0917522218593601,-0.047091065025838,-0.0437950509189915,0.182234478557355,-0.0637365852305956,0.19777715025907,-0.0683240669747365,-0.0739021673472404,0.0552787790615581,0.00527276056059156,-0.0454879927054401,0.0107478455961691,-0.00246940743919843,-0.0960563546994151,0.0853183497512049,-0.0711434276427045,-0.0096496817234728,-0.132454361236605,-0.101654483263927,-0.104439833754326,-0.157780852999157,-0.0222734983641768,-0.0399368888681026,0.175297677001353,0.0636883894068023,0.00507399737542946,0.0286854791186761,-0.0654500249709851,-0.108523818337622,-0.0237751963981028,0.0855670059370275,-0.0641182085430119,-0.062288273782273,-0.00040984186195292,-0.0643683992791253,0.0974184031191445,0.0546503094081148,-0.00872401207448092,0.061191525214068,0.0165162028656705,-0.00977930302865593,-0.0388686766728537,0.042734417077019,0.0951710810383009,-0.0213856427178056,0.012887254086456,-0.109268485198688,-0.0320551198536458,-0.034884973749044,0.0342829384852426,0.00696039593356823,-0.123060655441338,-0.0748540833151825,0.020618213953405,0.0412983500856994,0.0271228090799138,-0.0900848753459087,-0.088893222212441,-0.17717355098823,0.0945762818550779,0.169338535799683,0.185345247774781,0.00580748792088359,0.120119319552284,-0.111211153967332,0.087505718322777,-0.142053523348109,0.170878082686678,-0.00883689418995059,0.0513051273856615,0.0660650183893847,0.159356933807754,0.0916058057325992,0.0176587572819575,0.143764507793412,-0.0532423371008734,0.0575121929151956,-0.0795844842108138,-0.0242044120238178,-0.00575934050986859,-0.0405797046088914,0.0955581329434256,0.0911577406775828,0.062418194956966,0.0172854035222483,0.0808391133609665,-0.143923414725965,0.0134989720095189,-0.00800481671988962,0.00215612263345522,0.116831433328366,0.0919343627362226,-0.0342041857485915,-0.0102619645021633,-0.0937472488143958,0.101520206573262,0.132438733311867,-0.0713644760020204,0.0325303982551701,0.109147433684079,-0.0921197584263478,0.0189300469321854,-0.154477949683375,-0.0610707204172671,0.060606467574557,-0.118983059381763,-0.0345011386800822,0.00661838532140679,0.0280442089687221,0.0560972635785058,0.0989464859612106,-0.226295986184744,0.0786243701528899,-0.0102470966873538,0.179042758208014,0.0101243185965223,-0.060299184392723,0.0666798007815677,-0.181189459445234,0.00886720979081401,-0.00415795189880441,-0.120499628214734,0.00643058328173018,0.0158824214531328,-0.0655391806552625,0.0867811366767226,0.0596340360361645,-0.0691683214589753,-0.133444790081508,0.0787980431983728,-0.0481120443590575,-0.0275610201763277,-0.0988255545993182,-0.0847065280199155,0.0562329398945474,-0.13350751754636,0.00942578631689805,-0.00832052608046885,-0.0114151645669383,-0.0555885920980836,0.0779025789287202,0.0858378580145243,0.139498346390021,-0.0428478727549382,0.0151867751535211,-0.0962393410935354,-0.128760532339177,-0.0249552961137747,-0.0531649457728118,0.00481776756780183,-0.0437436777955487,-0.112526841220026,-0.0354256865820455,0.0467575190179998,-0.0211867825254064,0.0178069648308579,0.11962533955815,-0.0405903131292975,-0.0167770820553996,-0.0995743978189711,-0.0144443531373049,0.0498606040564056,0.0196785981548633,-0.0486702743824319,-0.0289947082815236,0.150068900866878,0.060762211867865,0.0404014038565745,-0.0867599213553074,-0.0627809417875587,-0.0281334194426401,-0.0861717894854053,-0.10117559642728,0.0356288035315198,-0.0208542587710432,-0.00190008447889412,0.117916044555801,0.0914244055154256,-0.0333556533184041,0.0947153628720638,-0.103468310495356,0.0467238690839045,-0.062488719774151,-0.058623872259191,-0.0542502000880556,0.0579635763569,-0.0488243892638458,0.0580215502354533,-0.0462352886518018,0.0294542122133548,-0.0493657245801264,0.0788784688645134,0.0171921552360539,-0.132671347747924,-0.0865828707166374,0.0620498142768544,0.00164476114767909,0.0990400422893662,0.0351975470950374,-0.0278911511837485,0.0577691081103353,0.0271756941308479,-0.00927491333744435,0.01368255341638,-0.0389483617536559,-0.109975433695265,-0.0370841066432148,0.0276136581902495,-0.0386742052873652,0.0122717020276937,-0.13858340566441,-0.0393093270410754,-0.076625213765956,0.0806042199841976,0.0534860173778389,0.00745143109883162,0.016425907822182,-0.0899037500330238,0.0681766774848496,-0.11634661521021,0.136790326357449,-0.0585134111363725,-0.10472224312547,-0.021239258203487,-0.046394813134083,0.0826054416538797,-0.102372290592484,0.0307008049472635,0.00715140397971892,-0.00402119292950331,-0.0438098248702854,0.0268669136769488,-0.0651416113544552,0.0617224270596399,-0.109282591942016,0.00673102994484021,-0.211891643741923,-0.0100823578578226,0.0364669194658795,0.0340474615646875,-0.0603582116238504,-0.11042204358527,0.0389168193009004,0.0722298340476617,-0.00653836465322177,-0.0744134812382415,-0.143065441451754,0.0280991155590269,0.0889097089905182,0.0660057351184,0.101801513965145,-0.104977624834686,0.0432487686932901,0.0155365240596494,0.0563664774362453,-0.192452558045431,-0.0384483257377304,-0.0385439337221736,0.0517468388181301,0.0598709680312195,0.0645188784541078,-0.0237789160696713,-0.0638562167565273,-0.0344240380977308,-0.0803468927791893,-0.0496986495362504,0.0621446534701029,-0.170049488097719,-0.00120606540985513,0.0728034396730606,0.0821221730668238,-0.0628816071799787,0.12154142995688,0.126419772304278,-0.0505713237495122,0.0210599635272382,-0.00316260792770429,0.0430832916309842,-0.0572763518072987,0.0411378434594607,0.0192614722250934,0.226450075476461,0.22631304208841,-0.0293201184836471,0.0608933205672186,0.0200426381655929,-0.0699319353277721,0.00921674332472655,-0.0549491180868547,-0.0667360454167332,0.0121446708666335,0.0768021290816439,0.0873654713034082,0.0950157776086569,-0.0395177571351741,-0.0315525327983774,-0.198247186592408,0.000866020047171956,-0.186083887420763,0.00407884515339241,0.0876947573825828,-0.000312758587795336,-0.0530514507577715,0.00888923624080351,-0.102793040411568,0.111845918380149,0.045597830200566,0.0535418560992256,-0.0454921804487896,0.0501799442516884,0.112867398194198,0.0430954979450213,0.016671121599835,0.0751312878147052,0.204703711372738,-0.125677459845538,0.0926600775005602,0.0773617260166668,-0.0769055072447249,-0.0372952566967442,0.0933943990617263,0.000870911897712823,-0.0857310282477872,0.0724693245715993,-0.0101873174457299,0.0181032697912324,0.0818765485860353,-0.0096504702491842,0.0171096701251088,-0.101702023020374,-0.0169723692165431,0.185599578253088,-0.00579734586273517,0.0264877274239432,-0.00483147654299376,0.0671837322064786,0.0210889247477284,0.0639070667575168,-0.0990485980456346,-0.00724132687514301,-0.0246075773322905,0.10576735770498,-0.0438217828976342,-0.0983603300511224,0.0443077562382534,-0.148605150926273,0.0617222215049664,-0.130692724349998,0.154591126037093,0.0880928984830056,-0.0606642108726092,0.231590980677835,-0.0751008019244024,-0.0273685960561587,-0.125489450176132,-0.166251106617108,-0.0214733901642163,0.115407730317391,0.0736625820325774,0.0778541349860327,0.112998976613917,-0.0392425831642562,0.0473889907397731,-0.0454352570220165,0.126903110900949,0.0997114500692633,0.0454834689935639,0.0602947076772331,0.0338114869131414,-0.0535288726846828,0.021877946733603,0.0900532638293994,0.106562398938909,-0.186632612283536,-0.0089225862201805,-0.0919777582010051,0.0222085247594477,-0.164171019867994,0.0672920040152203,-0.0105325266302141,-0.075549223169773,0.082839382229839,0.0591297278915754,0.139552134542915,0.116560047485449,0.0431019280632037,0.00727598693480624,0.0382434577272246,-0.0507308468818293,-0.0157441676312899,0.129448104042971,0.0940263303001005,-0.0985807144744082,-0.00860537622096658,0.0494880380185845,0.0255881962766462,-0.0732857304789896,-0.0377114698475389,0.00585486079578645,0.0526443397702896,0.109089476548232,-0.0220291513199191,0.0889535691217183,0.0373049648739952,-0.0295137012811595,0.0219204845376582,0.0752308977050435,0.0127424797721729,-0.00931434427299438,-0.0354607500314801,-0.0657383580931272,-0.116031039706135,0.0150325792257777,0.0824957889581843,0.038447447148783,0.0310835573717592,-0.126457571933758,-0.122548191678187,0.151125623120385,-0.210326774480268,0.00369804938693097,0.0447013699805709,0.0358341478679955,0.0129640015555479,-0.011154059066528,0.0905023466673254,-0.0915726151525913,0.00293812592737019,-0.075368475142656,0.0244786086016533,0.0522479902000454,-0.0807473456097649,-0.00333580983438608,-0.145884429618865,0.079544743296827,0.0163845817490587,0.0297309226943856,-0.0168578913184967,-0.0575331517739124,-0.141049554396842,-0.0398184577275975,0.13556651573821,-0.00509191496006212,0.19235386307324,0.0926057743059037,-0.0957531032704013,0.0872940854069184,0.101037768162929,-0.0125747219786514,0.00776312567035808,0.0832713767891764,0.125677344759445,0.013934214854709,0.0283571313057971,-0.00792347598947352,0.108888262825888,0.112973711885381,-0.0854229653036955,-0.00609876977071933,0.0896237103261717,-0.00217056245948433,0.00295544906889589,0.0990101483736163,0.0278501954265526,0.00744766761030347,-0.111055132184756,0.100422213469489,0.0248167570667115,-0.0401940941575476,-0.0321708944166339,-0.0856557937541296,0.133180778844234,0.0533869315610593,0.0168386602841313,-0.0884852156139173,0.0802869099833941,-0.169684790134508,-0.122770571122512,-0.0903989223882427,0.127598081924983,-0.135604941182047,0.004766025131822,-0.0965314661013958,-0.0965888046229493,0.00389681448740076,-0.0399880785059912,0.0920762278748533,-0.0859630473962074,0.0812403516394202,-0.03356632500555,-0.243674086441337,-0.0264391325915034,0.0740380072895235,-0.0660634933601205,0.107701825284347,0.0308193793853138,0.0956862560626179,-0.0246593810359554,0.0216283844423764,0.104770532722559,-0.114873456286063,-0.0397021871806458,-0.015796528218762,-0.0405802536494999,0.00305586768243415,-0.0146968197781105,0.0628773868593768,0.0849722450680297,0.103334536637123,-0.0783557200124645,-0.0625703633998098,-0.0838521392324729,0.0309764620149489,0.0975626199962969,0.0068780528469996,-0.0630134625293417,-0.0500940508498706,0.0188017981579953,-8.67158720705419e-05,-0.253594725963042,-0.0524313477075302,-0.0322737192011404,-0.120217897597426,0.0562027207092148,-0.0679329672457651,0.0295316897025701,0.0272144911614245,-0.0651491884655564,-0.166313735301705,-0.0725434577640995,-0.01241599158155,-0.0727575673748264,0.217753763447421,-0.129577779654229,0.157624190382987,0.049330054789928,-0.0111278590305215,0.085776578836503,0.123381540579333,-0.112350829816153,-0.0161802341226913,-0.0804853202897551,0.0177394300499751,0.0543074763688813,-0.0253479650302881,0.142566208774597,0.0145924257299592,0.131504603225356,0.0825857248849191,-0.0857733031444909,-0.0869608065999508,0.0814211397236693,0.031088601764925,0.0681909640525791,-0.158415848617205,0.0426362958073958,0.0450969694927972,-0.102701322974962,-0.0133192925001744,0.0902095817992614,-0.0190403338452101,-0.0457514847895806,0.0726613608747739,-0.165134370259995,0.0406765856507274,0.00222931063203768,0.180477376030322,-0.000719647045399618,0.025890017891669,-0.0490286277247538,-0.038608686303931,-0.121697310267108,0.00703604700667815,0.0301709070695351,0.038236909460905,0.0670394284422335,-0.0867668563660087,0.0172545141527913,-0.0257911568735221,0.119652074783738,-0.134628175400007,0.104309106944914,-0.106810441540166,0.157649121164054,0.03191529933311,-0.0250417952455559,-0.0800376677634937,-0.0308254987136758,-0.0294069696944725,-0.0900107739052904,0.167786807769823,0.12583503904065,0.0286208240313144,0.169453053262766,0.0584739851423208,0.145286380924032,-0.00618012452872874,0.148949776426449,-0.0850021710596374,-0.0430303794282461,0.0780562268434206,-0.141628569906788,-0.149767079458745,-0.132297491474179,0.0290879153856349,-0.0706272612338008,-0.199599044955287,-0.11816941151722,0.0220750243938461,0.0779799424514547,0.0472373994293898,-0.00102094489161786,-0.180799546115762,0.0500791423293272,-0.0406961923835718,0.036625494272196,0.0547766187377388,0.118523792742452,-0.0461782622129383,-0.111943083675696,-0.0136510556688862,0.0199761412774002,-0.0485837773650521,-0.0315745956593925,0.0776919740195672,-0.0197222188831745,0.050731658924877,0.0474691432429932,-0.0960721882628817,0.010129417917887,-0.0936729582851767,-0.0117984952728412,0.0419492686552718,-0.0616883702702884,-0.0172490805011956,0.0287735906436042,0.11556724446082,0.00144617578383044,0.0832424279788748,-0.0790529606787032,0.0896251946609024,0.0630256627390149,0.0775095681609153,-0.0460168044217752,-0.0274474702185237,0.0209459201543254,-0.180026166316832,0.112476176757573,-0.0100484566917842,-0.0356983821799979,-0.0107480457925484,0.0596323300061556,-0.137520885182064,0.0514494481578427,0.183891648789478,0.0210612737863602,-0.0460145323231753,-0.17864754612458,-0.0569875537800533,0.0343074216997654,0.0819212833500909,-0.113069284084023,0.054735332264378,0.0701742998449726,-0.0871845370680679,-0.0434183561508692,-0.075771219335834,0.103072472974578,0.0370796713753421,0.0242888369833985,-0.0375841515243058,-0.0604240272250207,0.0887839770761767,0.00231106396587322,-0.0101244464197809,-0.0184919061894715,0.0181599693760939,-0.00230126779695983,-0.02837446379512,-0.131403700441845,0.0240758221286528,-0.11371371847952,-0.100486222042569,-0.0183873328147808,0.072197568639587,0.00418022930578599,0.0208831737491499,-0.0413516837149546,0.0262909733796106,0.089091461515546,-0.158570321573207,-0.101116118396237,-0.110669744307279,0.150049884105199,-0.117874496443322,-0.068221828909385,0.0457236430168726,0.0524971107393712,-0.0635197727113894,0.0442928537430207,-0.193636865285498,-0.0242965108056348,-0.0802182177174098,-0.0756192919641459,-0.00588672388253109,-0.120582764347139,-0.128634976567869,-0.0427770233503759,4.07345731843201e-05,0.0344886435450027,-0.0350672336258753,0.107375018175379,0.0734315726390271,0.114977386305624,0.00417490438902357,0.0796247831219781,-0.0163407943965543,-0.0292205233497622,0.0524650324565661,0.0516328197726841,-0.00719467984732125,0.0286518031653777,0.0718945522474597,0.0898032325434255,0.0306887776315463,-0.00907969058081814,-0.0163205401753763,-0.101751811538138,-0.0655137078572969,0.0547046635806727,-0.133189640694795,-0.0301809271313616,0.0691153856299982,-0.0313010622749048,0.0550905961952324,-0.0128059366534354,-0.10468274432884,0.0847457225079986,-0.124027459708207,-0.110056268762198,-0.0338450388204645,0.082390157985254,0.0136573425269917,0.054454214995227,-0.0479428032524418,-0.118461882155283,-0.0466243275722884,0.212597832864626,0.0643079517859353,-0.0541836227092478,0.113700334246286,0.0347231581922416,-0.00990376110860502,0.00874676188686063,-0.00161548713869974,0.2032902344656,-0.0283269208563466,0.140045231912874,-0.045932039576976,0.0176840055037542,-0.139212939151345,-0.0972151339085316,-0.0481879986893761,0.0443151919518456,0.0622624511503456,0.0547198628674193,-0.0212340206300383,0.00826864091332413,0.1632269085583,0.0173163937603182,-0.0381943214455105,0.168702984786652,-0.0316682129300787,0.0823601860872398,-0.0243830979074149,-0.0480575446635787,-0.084448835744217,-0.0143790303659506,-0.043781688498215,-0.103176722239229,-0.0535353213313003,-0.0542886327464456,0.0652768468603029,-0.0157103419538358,-0.00522119858601888,0.067347895328516,0.095180854773544,0.0402615206582122,0.00905298855262737,-0.0966135943060804,0.14599283177008,0.164460523747335,-0.0612677714743302,0.0642325349305384,-0.00386170709549782,0.0354328256286096,-0.0239986887553671,-0.105891315723682,-0.109856425197886,-0.11381931697925,-0.0072659194431024,-0.0702206592036374,-0.0352441626517273,-0.0815209560688301,-0.0524166736107858,0.0420437503014923,-0.0668824724127033,0.0722217312307176,-0.0516807772768733,-0.0382618785706068,0.025742499351189,-0.0093494873760176,0.0980034841506301,-0.0336281913849423,-0.112540060792061,0.036282901469338,0.113352550846219,-0.101631734870321,-0.0989068397059252,0.0993268130613625,0.123427926920621,0.0530054183978494,0.0413092386191072,-0.142313522027196,-0.142424025507413,0.0875068878432064,0.131188070163085,0.0736885590771512,-0.11841449916548,0.0309393775017015,-0.0396235547354999,0.0620919226196448,0.0058211369576131,0.108882671766803,0.199174228560252,0.0967472209655733,-0.117955495884257,0.149215745679816,-0.0204822978496964,0.0112934746495013,0.0214720998867834,0.113605219450161,0.0585431080801413,0.0874115849730872,-0.00388153561456139,-0.036637757971635,0.0232858548787809,-0.102409505248987,0.0323078553768328,-0.0483338102436588,-0.0249549030284033,0.0529626131644885,0.0911481758574362,-0.106731808868947,-0.0238494179994015,0.00903755812362594,0.0578768659904139,0.119119682422285,0.240361900351224,0.0421818443288076,-0.0845515809045208,0.0226226830763507,0.0143834121589792,-0.160541281594976,-0.044710606606027,0.0867632198017914,-0.0180457245878927,0.0525473968830288,-0.0188034490971694,0.0348729269899026,-0.0255278987881491,-0.0103344025979819,0.097762465361505,0.171277598701952,-0.0857155136799737,-0.06211514484845,0.00627290815050818,-0.00337943001614782,0.0692358511983191,-0.0430380158005241,0.0397268510186557,0.00930582823365933,-0.0272663095817891,0.126948824322763,-0.0606411637538624,-0.0996232433628452,0.0299951195417993,0.00553050322238757,0.111484894001627,-0.0990840859159206,0.0354732157754629,-0.0534336333583338,-0.190235168562454,0.00265371334425435,-0.0134970548222864,-0.206999558575802,-0.00994360228910818,-0.0179110088403291,-0.110339007879039,-0.131660998892414,0.0470954164061048,-0.216501742824093,0.0240788335462458,0.162885858515914,-7.38104463060552e-06,0.0899265242103979,-0.062634047744806,0.0749394152237677,0.0210796687969632,-0.022877078467634,0.00286358211287885,-0.119655293598483,-0.139826504056657,-0.0710409590144137,-0.12928896922191,0.0941258269078835,0.0365173996546695,0.0298409914968627,-0.0848650337776453,-0.00932655300202478,-0.0251973027265873,0.162163554260194,-0.0825063647044875,-0.0671300877360741,-0.0102922045729619,0.0419863530520794,-0.055577319662274,-0.123340941654221,-0.0200702827042742,-0.0356133830981045,0.160281570469056,0.0105812173239666,0.25229569274762,-0.078413299884474,0.0239426274043402,0.0135842793617318,-0.103901677478084,0.02835039914669,-0.00270756058931543,-0.154543548362827,0.0474424349885529,-0.171030409294588,0.0187952937933593,0.0894208006282415,-0.0802914404461292,0.0233027447444396,-0.0551050681396648,-0.0568613231157831,0.0524877592556543,0.0297409441869885,-0.028083546299758,-0.00171026415185427,-0.0187652060076542,0.0143783107596156,-0.0342140665990578,-0.0733783365679996,0.0022862937430328,0.018149912317615,0.0480489270012907,0.00225161154809017,0.0482448211957112,-0.065672374787292,-0.110452448264437,-0.0768902673878564,-0.0471546020511462,-0.0601607856284829,0.00343260808493762,0.117245196850512,0.0987572009985422,-0.00587361598676983,-0.06652127246099,0.000739948754099107,-0.115395442616119,0.00188994484587246,0.258830741647379,0.0496403594884707,-0.0553903116516459,0.0242633516046542,0.0369567682659926,0.0826151334316656,0.0798323751758494,0.0709190184348358,-0.205947478170955,-0.016199106936428,0.0105854774356111,0.0589727603870767,-0.0527393133183387,-0.00819643176824725,-0.0272393353379288,0.0901804666468551,0.104951825844096,-0.0782682019669441,-0.0794771194841348,-0.0916297792154515,0.0467814612151547,-0.0406298997062966,-0.0484321579142923,-0.131176269886192,0.0737046667544448,0.03020327364692,-0.0297821159632847,0.00932896972159147,-0.0731376909245656,-0.0555707563319068,0.0398948948241231,-0.00617491975296813,0.0217417330611573,0.114599154770024,-0.0989411190271383,0.0605163074678514,0.0184127481752974,-0.0933526445923154,-0.0160801031176026,-0.0801320664080007,0.0745662145196886,0.120657142300005,0.0165253933564475,-0.0648970126597384,-0.0630421268033201,-0.266958258794951,-0.0321741106262348,0.107408413437489,0.0555033395243845,0.0469320563382549,-0.0974790573140911,-0.0165454914047802,-0.0962346937953993,0.0918622864265632,-0.0417153738236284,0.0173555967033114,0.00211828344303999,-0.0639134747481642,0.00635492885864108,0.0308717393229223,-0.0706089702911772,-0.0359843506815807,0.0512742334900111,-0.0611685217572817,0.0624482767562458,-0.00394909306635682,-0.107108562519286,-0.026190346036878,0.0205320925180832,0.0484657126139367,0.192311542753683,0.0430039633925361,0.00257659885420081,0.0711998099521121,0.00884366324442443,-0.0240757151722062,-0.0188865175227031,-0.0371166476271112,-0.000276854132686299,0.107470645420249,-0.0958539190123697,0.0459084969321799,-0.1421448144553,-0.0705110465840102,-0.0479873111803699,-0.117567202445237,-0.00502926809866011,-0.159881453244294,0.0185646900642951,0.125463050570261,-0.0234386741376218,-0.0342288555659254,-0.151621320969057,-0.0880255492704118,-0.0460145018487772,0.0079973010350316,0.0102403064163386,0.0109277011047562,-3.01024257858273e-05,-0.0191179595327453,-0.0591714869121276,-0.0879130957699439,0.0909995742826584,-0.0896329940048219,-0.135683585405433,0.0211789626409176,-0.107444640937994,-0.00790661302777274,-0.00444206300323735,0.0360715503256182,-0.104354931382526,0.167769698118968,0.0812727641240192,-0.0709642822308605,0.00986534015271845,0.0447784405601257,-0.0568624619511695,-0.0916371013658637,0.0862100069420619,0.2170995257058,0.0518238372875175,0.0426492465726518,-0.000626999342062451,-0.0601170538718128,0.0415584921825978,-0.0692729245131556,0.00490168859841855,0.00266025362949152,-0.0187235119733211,0.0277891938422332,-0.00492149412746068,-0.00729355388086983,0.0278187819839293,0.0689779660305117,0.125710027107826,-0.0134435625007665,-0.0895986284776797,-0.184547602754899,-0.0357247854331426,0.0520121638573137,-0.0419464715207543,-0.0355725354826482,-0.079641334165367,-0.200942891154688,-0.0900805093236348,0.00874426344055612,0.116733702270836,-0.160211928971056,0.0124271381842043,-0.0221003991560371,0.00747503023502794,0.081839587608914,0.0127835519591517,0.102202340101627,-0.00714158823146871,-0.0906124913515929,-0.032638080863979,-0.0568096340595727,0.111624736415897,0.00140903449749619,0.00570181463852792,0.0877380203141054,-0.0592369601009395,0.233762168906688,0.0979829855086867,-0.0214394474352759,0.00337076876579667,-0.047180367291245,-0.122759176665843,0.0557730821975739,-0.0288380350012156,0.117205839887884,-0.0093580453067208,0.130041325485746,-0.0308830416156876,-0.16178402161832,-0.0303231365056269,-0.0535821976534612,-0.0423855834110736,-0.152961409847259,0.0338527684801111,-0.014490524767957,-0.0997950315618157,0.0270816724715837,-0.044436174649189,0.147899989139611,0.000111858541445242,-0.04485129666869,0.0168396965043236,0.0625238756394704,-0.105306767323056,-0.0554527897336867,0.0356408639115187,0.016622554717185,0.0987039516883521,0.0119161770145877,0.0604990943858184,-0.0418607338040751,-0.0116841173394202,-0.132488140438525,0.144352360186152,0.0165261356253041,-0.123348855033626,0.0513203714419812,-0.159488430551825,0.0925450685483371,-0.00365422493237633,-0.149085791830686,0.0986604653754664,0.00507222530968576,0.0393295729360568,0.0190310057386294,-0.0626134413326134,0.0740587641155113,0.0206724179275279,0.0352239788145448,-0.180259454888188,-0.151636349106859,-0.0177115732390782,-0.055020920083785,0.00178610536435064,0.0618855235014724,-0.0607838604794608,-0.0227660335289102,-0.0731434890648126,0.11734150759033,-0.00596401895959264,0.0556370460100581,0.141835560746099,-0.0284213023864028,-0.120086102198298,-0.044773385469083,0.0722136319793369,0.0244017189062951,0.10285770213374,0.113442663952651,-0.0724179469262234,-0.00220192842441325,-0.102143009138699,0.0492529647170599,-0.107775813804285,0.139188966789458,0.0871912260273664,0.111335239038497,-0.05864986895177,0.0272147858272029,0.00764537940520071,0.110850791876436,-0.0935621513084817,0.104932820951189,0.0936701866413658,0.0377189081578031,-0.0729306328263033,0.150365036414307,0.206439830729563,0.0321682604202964,0.0538793550455643,0.1260622926811,-0.0675958190390853,0.103838975547279,0.00467790655555334,-0.0480150193643647,0.186096377370227,-0.0390713886042588,-0.0319959534711569,-0.102450408946885,-0.0845962624708112,-0.111070125657376,-0.0746964569201589,0.0557405790642789,-0.0805846552185843,-0.0437728124106074,0.161477892703013,0.117715004463522,0.0167545117276071,0.041337483464611,-0.122559252146631,-0.0566692986849855,-0.0947711544859353,-0.0820687906123352,0.00709662758525376,-0.0596928679233506,0.0148724727427343,0.0839832957492148,-0.0226164633100345,-0.0240942839726892,-0.0430921306504337,0.0872471472510727,-0.099531635194043,0.0327550517053692,0.0161478079745407,0.0337769235697016,-0.0174024640707531,0.164412962625483,0.0465634875389265,-0.0849822895052186,-0.0628315754461104,-0.0903030203335242,0.0264225597538905,0.0791123195334678,0.0665743431289632,0.0419353689329376,0.105066931829544,-0.0399036241814272,-0.182964311878015,-0.0402848105582265,0.00653896628771689,0.0187188650410057,-0.016306543450602,0.0244017430773795,0.0721341807245601,-0.11591429750396,-0.126265745181856,-0.0632173613886682,-0.000117847650821012,-0.035681635078646,0.0110976408805297,-0.0527310128024556,-0.0531026142014879,-0.0768729213307942,-0.103921965505672,0.00121811651676706,-0.0828329780664161,-0.0128510586783754,-0.0514740602902024,-0.115618705657095,-0.0166669739324865,-0.0599077946726689,0.0441776419120927,-0.0597731337374574,0.0582027712132009,-0.0778864680910063,-0.112346740600603,-0.0356677065332351,-0.087006899609352,-0.0103950172087881,-0.117696806096509,-0.0109949594916623,0.119550105832526,0.0188994712619919,0.0372427710099292,0.0146624318530031,0.0108365589007171,-0.189365648732867,0.0483932388280881,0.0248597511677315,0.0171179356449329,0.121041448447217,-0.0915106362301179,0.0145688085500328,0.0540148927277855,-0.0203272787689013,0.0372421507555598,-0.0678217524359335,0.0992599131819834,0.0743019272998142,0.120827158349053,0.0569709080048131,0.00185866041911531,-0.0698981657589757,-0.0104818013467001,-0.0259407878862001,-0.032863496555839,-0.0247820223261335,-0.0462054517801063,0.0273609155917494,0.0822317057587956,-0.0575952443618895,0.0866443122250011,0.015539647729343,0.0024674011239576,0.00086152941359563,0.0554811309378809,0.044187430500676,0.051542109060926,-0.180273495687102,-0.0711212045907836,-0.0391928120328249,-0.0255009936009971,0.026550417330216,0.055948602832834,-0.0716430640924615,-0.0377365193089512,0.0433311887638421,-0.0557264851951382,-0.197006055201757,0.180390778833014,-0.0940040333982983,-0.0428871286227031,0.196477084065512,0.0361764963149014,0.0309246744163876,-0.188805767958073,0.0467142488365497,0.0370871872876344,0.014465856779921,0.000675501600323258,-0.0606342933919652,0.128139243749344,0.111435874441664,0.0370082919737527,0.0379071012294725,-0.0597685886761683,-0.0956858278100361,-0.0627598883375189,0.0504811843426518,0.0749579959875299,-0.0421521077015705,-0.138922114678879,-0.0520543885197666,-0.0227344492358137,-0.0421919593973872,-0.107721454964753,-0.0942637661738015,-0.0368594220861462,0.0548082358889197,-0.0783471061448378,0.0704452157113509,0.0104571226561467,0.00387537842050634,0.0881097146560208,0.0225535351372721,0.0242078635190777,-0.0148938317012379,-0.133412777237605,-0.00212142539024107,0.00259438671191026,-0.037815575505745,-0.0111841294897941,-0.0102984221173075,-0.0559563412879971,0.00269512837382013,-0.0423912301337714,-0.00381137028573697,0.0420671593523205,-0.11675338263954,-0.111679630100041,0.00568888626032837,0.0627007545568872,-0.126213937134734,0.062457677580197,0.0348576356082333,-0.0887769580731459,-0.0226509847669445,-0.016631078174882,0.00444280188279045,0.0676463855934499,-0.126615842214874,-0.0737179777912607,-0.00883662854007694,-0.0705675091122941,0.110893705964609,-0.126163611709599,0.0742210493620785,0.092266033908226,-0.0327511910569673,-0.0211342145086464,0.0447828787450759,0.115028396878519,-0.166532328735993,-0.0200318982084404,0.0301921376586063,-0.00345598951846648,-0.0251921219353965,0.0294390771725475,0.0716635929175646,0.0682019320804979,-0.0317255766460458,-0.0234851396121156,-0.0587349482547945,-0.0156741247239234,0.0468529338195181,0.0583709859236281,0.00788307194229643,0.0734844785434245,0.0913441390528109,0.0344578281179158,-0.0864484824914462,0.141110475132755,0.00842251807188266,0.0988605244856227,-0.0155398688715529,-0.0750486376974884,0.115507397584136,-0.172779435053454,0.0216656800091628,0.182747925573486,-0.039184924202555,-0.004076137531972,0.0378473627742586,0.0330141669273261,-0.0301598316842879,0.0776186985061278,-0.00352854655548906,-0.066484590415298,-0.0236646709121602,-0.0911396069089436,-0.026725699604945,-0.107704707525048,-0.0796427749166164,0.0163735013240371,-0.137323487520425,0.0395204451298736,-0.163846186884377,-0.0723062710784057,-0.00828122118437991,0.03805794107662,0.0896647785374061,0.0978099974026314,-0.163695656499087,-0.105989957088346,-0.141987480044869,0.0360565011832872,-0.0189202900977912,0.00384074274534774,0.00516983943654603,-0.0884048223949092,0.0298086319887605,0.0630006857563643,-0.0898348228119925,-0.128628614325613,-0.0267495277876844,-0.0555785087452523,0.140632100062614,-0.166910472937956,-0.105425521377557,-0.0120900968869657,-0.0108945418285407,-0.128811298834189,0.0348082301899211,-0.119919845953283,-0.00156411572837456,0.0704888460189947,0.0628046963440003,0.0100129719080368,-0.0113621727551734,-0.0184924072219128,-0.0289783384908344,-0.0151230928196773,-0.0880278577479765,-0.199667047444266,0.062378276322008,-0.0157027554032059,-0.0556702981466684,0.0467401184685745,0.0564720873926927,-0.112979788091209,0.204482434486804,-0.00990299710357023,0.0936263629505056,-0.128055758852659,-0.101214848900648,-0.00409044472175069,-0.0751977878592873,-0.0713030735957183,0.0859209676423571,-0.00286488858513101,0.128027685762331,-0.149235425502896,-0.0345566251786908,-0.00684992338611501,-0.0674410407028141,-0.0654418397468821,-0.0163650723441604,0.00417487520924587,-0.00197593595457279,0.0561745757257595,-0.0104741213640618,0.136920659260644,0.0848701491175496,0.0981379109782521,0.0669711227776308,-0.0842513322065415,0.0272403202139349,0.0372730759292053,0.109625174796658,-0.0429319508506287,0.102350630536024,0.0591151203098321,-0.106464703823877,0.0353698649152001,-0.0484574374540725,0.0378891628892162,-0.0219454141705775,-0.0187130605231429,0.0430419966036379,-0.148465150998424,-0.0727436122396967,-0.00245392929884769,-0.0797655718020045,-0.00442288134886892,-0.0192287751341254,-0.0353790899152617,0.0779534050872912,0.0330922421779032,0.0534555532265353,-0.0819705240271782,-0.0719380291818195,0.0508415966389122,-0.00426929388763408,-0.0449599077612453,-0.0233238983929036,0.0854752004511963,-0.0469292099687735,0.0574905512707691,0.00124980177490297,-0.0373450461877654,0.216080026574235,0.0349419199333096,0.0660803053483328,0.000991020211488891,-0.0158516687513446,0.19587088228602,-0.0929408253829931,0.0109029882301828,0.0662921012216859,-0.0773467938064929,0.119034392841849,-0.0315748090301091,-0.029068547846606,0.0213877603236974,-0.107363518133351,0.0264172829274625,0.00461003494860979,0.00187735742247908,0.0539858892277358,0.102592863992129,0.0286631604754994,0.00749031100229391,-0.0467859737420411,-0.0448442406424472,-0.0592606602461778,-0.101326567374821,-0.0470294443369959,0.0397009127355052,-0.0888514723446265,0.00128877222626733,0.0765632624350616,-0.0440582885990262,-0.051125191898536,0.0574379458335339,0.00315232768096152,0.0906348870073446,0.0373761778086954,-0.00910231816187057,0.0593127473518238,0.0276940573373885,0.184278270153495,-0.0308401383871546,-0.0319002624833047,-0.0291625979240178,-0.0965616888701648,0.0431745138451805,0.0083753185726656,0.0945168928021893,0.0235966790246658,0.0105191159156881,0.115706683452927,-0.127166564774471,-0.11940909030496,0.0116458828710861,0.0770834485157552,-0.0485021812785726,-0.0205743911645291,0.0836999522172808,0.0622663904766703,0.00105824781685504,0.0535607261790192,0.0860819697067758,0.0388601438508025,0.00393710369075828,0.0463100725211887,-0.0304502335336174,0.128057371780424,0.0289501154364535,-0.0354531119980055,-0.0978759981637389,-0.0303420142887361,-0.0510055249994719,0.0933724439741317,-0.0420182274642875,-0.0149761096006493,0.104967157540402,0.0551636315699298,0.00888091223224352,0.0559107814782605,-0.00733185241406042,-0.069884304608046,0.0340028406102353,0.129185706705401,-0.075641822067924,0.0530091950713474,-0.0536203640583466,-0.133527412214794,0.10313858152408,0.0405898270683338,-0.0248229251963359,0.0562738471342112,0.158554850551231,0.0904006348363438,0.0582277258982677,0.0943023202349416,-0.0197441391182336,-0.0579526521484142,0.142736444510721,-0.100290013476485,0.0993512466529431,-0.1287760811599,-0.0447409264000314,0.0381215535762207,-0.199823104921382,-0.00254115158138069,-0.00907878040030052,-0.0545119833785654,0.107010175822643,0.105218315712267,0.122666494290794,-0.00140688090845575,0.113262629120107,-0.104563370377597,0.0744099195878904,0.120369754800604,0.0129284748316609,-0.193287147723763,0.0868374626671087,-0.0373340020408364,-0.0295001625033438,-0.000910608624299147,0.0928688437321958,-0.160245687601155,-0.0384696898320942,-0.124150628470076,-0.00791475938615616,-0.0181553805009194,0.0527056519064764,-0.141255090981803,-0.096494523685569,-0.0545878983028221,0.0166539528998899,-0.0392497809253012,0.0994773009051297,0.100743478915876,0.0797309144060152,-0.0519878858690515,0.0308871996485616,-0.0576455577717683,0.0600381633017364,-0.0159667653783195,-0.12572235201074,-0.0166675982030524,-0.0459326218272467,-0.0132151249659529,0.00393125238055569,-0.100077386338386,0.127780794330751,-0.0183557256212872,-0.0423103424819833,0.0182623754448619,-0.0407570887080051,0.0988929316128586,0.0929865602986359,0.0380043195567048,0.00184618729410002,-0.11423418305849,-0.115638744042888,0.0776423513440885,-0.0386455685301383,-0.0398631852333828,0.075556775121489,-0.0695646602560624,0.102820218750878,0.113028720160533,-0.160363939913643,-0.0796841300263815,-0.0363327788885344,0.0910059335364588,0.0915977384372078,0.076623814057313,0.0321280238791051,0.123073471220231,-0.0358552864750612,-0.0169750846093413,-0.0147440559989014,0.0476951935223449,-0.127039407153458,-0.0399275616254622,0.0374896308858763,0.0133325088184544,0.0285877171307893,0.0423706202817873,0.000987080801526652,-0.0542293466311685,0.0374275918939992,-0.0495112042342956,-0.0894466184471967,-0.0268962214628123,0.167069572645422,0.0295599642848083,-0.0486888381628634,-0.164025322488182,0.0580742651290025,0.0848864096086421,-0.0452516514448802,0.140127653972041,-0.130183703559395,0.0535139977424954,0.0296693700117554,0.0543005576351738,-0.031312681949947,-0.0766498580481967,0.0130577171966246,-0.0245482598340132,-0.088296209322325,-0.0614809762229029,0.00388550376300278,-0.0479120720893222,-0.117760085577468,-0.000360565164606808,-0.00253146016081107,0.0193803668813128,0.0257468672847354,0.0489820441632149,0.0539441202798043,0.117902054941524,-0.105355157813086,0.0830059946660964,0.0323194993096267,0.00942797316644484,-0.13919766679481,0.0401980541724238,0.0170211101760358,-0.0825805384522282,0.106298279250154,-0.0561795323048253,-0.103313810159121,-0.00805024750051375,-0.0709704303002163,0.0706798087232925,0.063335516433825,-0.0456466831131204,-0.0285952528751827,0.105840189514749,-0.116588638615129,0.101739354353424,-0.146847638766327,0.0310119006322027,0.0332521729134205,0.0715216612553324,0.0252402207895941,0.302050291004845,-0.0484789235574352,0.0686603497808278,0.162926042014254,0.0392164920408844,0.0631055747305425,0.0472728746252686,-0.190024054616604,0.0463880193861623,-0.0335543036198516,0.206602690497848,0.00423035295569374,0.000601237606012273,-0.0966747946239455,0.0287136750217405,0.031401219235291,0.0916570522493929,-0.0351658391412197,0.00554561888692495,0.097855824019043,0.0342953915680926,-0.00320886097797901,-0.115911284993749,-0.0796134172278085,0.0173989765917506,0.0328741492364157,-0.0533998078216955,-0.13432888547281,0.102012111297787,-0.0616503730283071,0.0226866075836907,-0.0476764070826436,0.0834125543110846,-0.0129234759206112,0.0159220266544371,0.0216518924912992,-0.0840169131845667,0.0253321582907566,-0.100536911049701,0.0946175025218023,0.0459379542359049,0.0450435056735694,0.039713492625187,0.0935452781413657,-0.0388362495223729,-0.00252720614692814,-0.0692941587349516,-0.011258156781607,0.0196562638932758,0.0231408036549676,0.0462742239764182,0.0169127790018275,-0.144191627910362,-0.0655109823715767,-0.111205540086177,0.0477162357778049,0.000259652232255547,0.0318012819357976,0.0139140911877007,-0.0869463240469983,-0.00217573850206287,-0.137544823040788,-0.0921266956221007,-0.0490162189782,0.134520543958954,0.0659773964262202,-0.039388725652632,0.150327270464347,0.113825323949773,-0.0545854461978417,-0.130021891106453,-0.150318382157855,0.0415980543053736,-0.00237943483896208,-0.0520952581979461,-0.0570537786692045,-0.00146757722234181,0.199766775945083,0.0353388696271084,0.114369374871517,-0.192104709467854,-0.123605703885209,-0.0270192908410856,-0.121363310209426,0.167465848775037,0.0559394235274451,0.0764771424505772,0.00896687253049167,0.00286395782004423,0.0503096395652693,0.0597464506651191,-0.0779398925206847,0.0244608990129911,0.185497442113188,-0.0889993688811828,0.0164815890885872,-0.123074501725807,0.00691788982739161,-0.149509827990346,0.0332418005908692,-0.0902912606932196,0.023093054141017,0.178167514219169,0.0280496058300894,-0.0985788676147927,-0.0170033031575758,0.0581798676860519,-0.11359635538347,-0.144301186792442,-0.0695832344050595,-0.0593313006216523,0.111397892923434,-0.0811617660545392,0.0965449091248605,-0.0858722403367964,0.0421030930881687,-0.0944035035744113,-0.0922900464258083,-0.0167552205919357,-0.12373884957807,-0.058483696329851,0.0317762101517614,0.078049490989625,0.107621255585437,0.00104472356844543,-0.107124526183135,0.0803772420932423,0.0392658280597482,-0.0340564922625264,0.0384753586552256,-0.037574006653843,0.0262849777544867,-0.18986591258074,0.0125729506989982,-0.0611462379222547,-0.0415456461652077,-0.10436979204667,0.0926128402724808,0.0201406272303255,-0.0395241254426137,-0.00648603785160429,-0.0348885436268964,0.0157858114796059,-0.00777914366249099,0.0301607169578966,-0.0124671315699896,-0.105450836661624,0.00305099184412105,-0.0236419167899728,-0.0485145202292534,0.1100847350419,0.0498087031133234,-0.0957700232836363,-0.00167440747456515,0.0453075354362826,-0.00308013145925656,-0.047984151975609,0.158463875259964,-0.0650930546616348,-0.0359987225849068,-0.0526061308054717,-0.106910536585382,0.197402990700051,0.0100980320355766,0.0286058047425786,0.058532508350428,0.034729630767939,-0.223176594262319,-0.0344585790768726,0.124292033679876,-0.162365301825923,-0.0121068433594633,0.0120181397710615,0.192680413486938,-0.13800081980131,0.0530328094750629,-0.148991597816851,0.0728964786112156,0.0823254400668476,0.167872029627769,-0.0410044273831689,0.0155250186681193,-0.115165016284155,0.0164461863513048,0.0354850904345341,-0.0152752844395199,0.0130071607723956,-0.00497681665201366,0.0562015223788825,-0.103175906386129,-0.106863714971259,0.0921901647729921,0.0898205886838381,0.151993459121877,0.0479913059891388,-0.059359295915292,-0.0792427946737453,0.0296221024674814,-0.0269407527312535,-0.124489582874495,-0.0902227603207466,0.0212040490664198,0.148078067524871,0.0584342419645161,0.152898953159004,0.0879111868370672,-0.246779282947262,-0.066590200737159,-0.0288660480071843,-0.0682438994459971,-0.0246759235698626,-0.0782142046102865,-0.0869434630874499,-0.109120158533899,-0.0032082825688744,0.0663693632574862,-0.18855449521318,-0.108088998688434,0.00246792342960123,0.0262173167789317,-0.0614239161156753,0.0662311182445463,0.126226371020383,0.0454948991248156,-0.051031143254856,-0.0617524368253273,-0.043202245769947,0.0589894174716883,-0.107860506727749,-0.0511207041667934,-0.0617331031188799,-0.0972634390716527,0.192464935201262,0.0379846397543662,-0.176502210332514,-0.019379192983104,-0.0146661055098676,-0.131102055913126,0.0616383121374109,-0.0330902195435319,-0.029438592559246,0.103692499439016,-0.0569218522886632,-0.0391451522524222,0.128877438564434,0.0835152601438987,-0.0582534647496655,-0.0831008613404713,0.0342656677382083,-0.0467620845893619,-0.0642809758657368,0.0180128532761221,-0.0275581506797877,0.0533938565207199,-0.0208641089004828,0.0316387416049142,-0.0407873234558744,0.0565024907729592,-0.00589092565944416,-0.0748034168528409,-0.0531094242036572,0.0990781253733795,0.0590689000444873,0.00218638786538561,0.0276219925517673,0.0837237595012408,0.0296334296632752,-0.108053603135105,0.0533878599048323,-0.18161203666609,-0.0339563809044754,0.0728098852919654,0.03986632458858,-0.0218324587769638,-0.12487103880217,0.0664792902342206,-0.00709334344989232,-0.0247283846537694,-0.0705201764646106,-0.0305686127892812,-0.036591413943504,-0.0172725119989652,-0.0513496799937032,0.0309621160078719,-0.108555940438209,-0.00329296049376371,-0.0835716798188795,-0.0938352489250054,0.11865303374594,-0.0354351546226184,-0.0904617471726281,0.0803004339614035,-0.115921144090897,-0.0233057994603558,0.00546015029759994,0.147178907579614,-0.0807223372677628,-0.0351535832721863,-0.00956090916043095,0.0115709110875204,0.072871094955576,0.00850596732417364,-0.00489400782052574,-0.0781333741864305,-0.245885858367611,0.0251787658322109,0.0280234388997977,0.105430533742406,0.0136564104508419,-0.00224668173940046,-0.0952986803411884,0.109197287422667,0.0562852729328469,0.0421763457482611,0.0671832721053436,-0.0171847349635743,-0.0478840329551229,-0.0329760563208072,-0.0254983343932889,0.0566383743601575,-0.0844496130580001,-0.0490793711529784,0.0674694200688835,-0.0672654770822083,-0.125758383980996,-0.0609380979823646,-0.0845495894709991,-0.097453136895512,-0.0500269852526669,0.0900933634396297,0.0319196191492932,0.0892641845920705,0.162246932716418,0.0446998048527703,-0.0516942072272402,0.0148853979142709,0.0694006649563113,0.0269373546949252,0.0966145678460788,0.0313047354765295,0.0304538812237598,0.0571606252530985,-0.0257203870557583,-0.0637083128538816,0.0947496830449306,0.101565314411915,0.0531870366044698,-0.00429584607923639,0.0656412924362955,-0.024026097042098,0.0739598753503521,0.0339236571966346,0.0824983014023311,0.0465683256497269,-0.0788567582847293,-0.0164481643459,0.00698528321044645,-0.0359410951232726,0.0464530952898863,-0.0164420630954289,0.0613310422402238,-0.147542028002122,-0.0388331145344223,0.0810554560045147,-0.0930814569447111,0.0373250781047245,-0.0449381729262073,-0.0428981990413,0.00988612709361014,0.0116249138067981,0.124009201920619,-0.0495598304517841,0.0177577593959946,0.0474128023099587,0.0147088815594481,-0.000795824879730844,-0.00324678435087566,0.0581601149770972,0.093810439679028,-0.0282943484649811,0.173188078021318,-0.00327664980854259,-0.0981113333201913,0.019750156278727,0.0985661574312482,-0.00222620973137122,-0.0796743161271563,0.0248480015606298,0.0105008885330238,0.125552331004591,0.103848644966006,-0.160063826066593,0.0412086633303796,-0.0629225660798189,0.0354352407316716,0.191504863428264,0.111116821974056,-0.012709959370643,0.0129715622004936,-0.122336098198432,-0.0892425367058296,-0.0540415707527169,-0.125553649631896,0.0144849526598061,-0.0863155774742053,0.234570972931618,0.0219586626784762,-0.204561501169604,0.0645112562111561,-0.0517611297364668,0.00596724475521149,0.136255165094984,-0.0734808629175845,0.0565732558955596,0.122528697410742,0.148037134964248,0.22973899664255,0.0290134894840857,0.0493737838776207,0.0853691043427696,0.0930228114585365,0.00471620226442115,-0.113080699980716,0.0135635269017385,-0.00759505918993764,0.0587228391724435,0.0472677357776559,0.167572007714134,0.132970127602558,-0.272765949460652,-0.0206019018337487,0.156586961174128,0.107130445826287,-0.00940043120975087,-0.0987099018242863,0.0508403882783512,0.0478149180280112,0.0256171343194398,-0.203342124023279,-0.0596460537182559,0.00496140200108774,-0.0204206620103147,0.0216627981483288,-0.00212107309389253,0.0581685596345474,0.139239902803294,0.0089313576596719,0.0809948432491074,0.00329553574766051,0.00130189165176775,0.0614855387905728,0.00665943042897865,-0.103291372222285,0.125805472871694,-0.0595626457169498,0.0863644612554495,-0.0786451366389631,-0.120029306477831,0.0236387656684722,0.0134903467762517,0.112020954600401,-0.127992425282514,-0.0192959263532027,-0.117351792116532,0.0165255318006443,-0.0242654764021442,0.0317571171584912,0.0420017225328919,-0.109080290405749,0.00894749408838624,-0.0176666225188784,0.0414943150473075,0.0220971169703508,-0.106809527031016,-0.0240501372628383,0.0992254136780868,-0.00434518227641911,0.0104236292330013,-0.0431602754306679,0.028645411131248,-0.0238429473363273,0.140850668687101,0.209904216866603,0.0276681729503836,0.0546861664474516,-0.0822951979657218,-0.0250812772012132,-0.0192643613816368,-0.0186367513900088,-0.125275071794557,-0.102537944304451,-0.0303253507134698,0.0314446364246996,-0.00278068365875894,0.0890473266847889,-0.0405412791373942,0.04592923136331,-0.0936941643171174,0.0145319321865724,-0.0515309048111217,0.084226034489544,-0.0297368217294185,-0.00854095564265389,-0.100512528754945,-0.0689538598613231,0.0552733547605182,-0.108381453601503,0.119136671014195,0.161513588193709,-0.0380144654215284,0.0172665879832454,-0.115365863647906,0.105854230745021,-0.0751258832060162,-0.0173467114028454,-0.0627118663679589,-0.0232947044237855,-0.0432724302528702,0.00369844407224429,-0.0947368036058611,-0.0143970056934086,0.145267113687692,-0.113036226850929,5.03630521442311e-06,-0.155490678295241,0.0364775374681192,-0.0720654308786757,-0.029602811633985,0.0463996091879424,-0.0297848870235207,0.0782833058364654,-0.0349501704561974,-0.0497636969592783,0.0735614309480548,0.154539894657725,0.0698973960341085,-0.0749183518462959,0.0464523628440894,0.00877241578590904,0.114938808348369,-0.180706671289745,0.00165368656243037,0.157947207541584,0.0152354804046073,-0.0698724221750595,0.194589339135336,-0.0787386796770138,0.0979743509117013,0.0128715400253108,-0.0389995920912449,0.0793385693829336,0.0520189105451867,0.0670996318819896,0.0171776404189743,-0.0388650723810593,-0.140142956327182,-0.0106067897365909,0.0987251758387906,0.0320420377826514,-0.0473868996235338,-0.102173185196151,-0.00958192136911418,0.189648999350617,-0.0242770233662597,-0.13025801573347,-0.100786923574776,0.00501520731556182,-0.0399206315617957,0.00779579190760948,0.0472921192854256,0.0541150471686913,0.0283014100491932,-0.131463294689812,0.0876471602318845,-0.0528126580983908,-0.0676394674563214,0.0889565834940254,-0.178293065561499,0.0470480560220032,-0.0225225210674003,0.00164007923274623,0.0592464425671764,0.0216502654496711,-0.179035234310373,-0.0308441166845261,-0.0603790579153367,-0.089116844661806,-0.0865764253066668,-0.0310582006116293,-0.044059935011608,-0.0156156003748462,-0.0584634800998067,0.0314265654436943,-0.00804093073524292,0.116096963050578,0.0260069488261709,-0.0646544683042851,0.201422895747673,0.0461463955802142,0.0638588064858694,0.0549513565115893,-0.0747335099774955,-0.0959026939207628,-0.0167800405302381,-0.0441176241451706,0.0810067131405643,-0.132019855815528,-0.11466217536025,0.0370395893726436,-0.0243066325381167,-0.221633422773827,0.0305691767136438,0.00829407916104619,-0.0695325444219663,-0.20270290880516,0.0155712361439182,0.066832288803728,0.0159027969688676,0.016383280717104,0.0474527491745906,0.179018877817654,0.132198129168903,0.000224569234938743,0.0213883984237317,0.0543593724023581,0.049885076930773,-0.0344173164183132,-0.0870184300035164,0.0141536059098848,0.17956805641477,-0.0953133072643997,-0.0201974588496117,0.0771692530884662,-0.0153322227039911,0.0347928480248296,-0.165336265534255,-0.1125715402641,0.177871201871512,-0.0187686496190929,0.104514229180584,0.057749201042034,0.0973724424800664,0.127525743457025,-0.20700667250748,-0.036251126666512,-0.0167478894040052,-0.101963826461488,0.04618096418377,0.122435752500722,-0.103135166735144,0.048755732027572,0.0256030896646191,0.0761455426578674,0.0167175627620022,0.0191942854048825,0.02959253006103,-0.0254466689179615,0.188219052919653,0.116887353994737,-0.00585116352806381,0.107672955825496,-0.0153342944805375,0.0894923546709352,-0.0100902768840148,-0.103700019135894,0.0577459030507228,-0.115541015865407,0.0740513609310895,0.0430890044971637,-0.0488416819924353,0.00826923798508128,0.0650544679762677,0.122503453024882,-0.0502485729387225,0.0881101715244257,0.128911085656715,0.0709733796768184,-0.00133803937136268,-0.0169939062112157,-0.0392680128286562,0.134308782163736,-0.0554614341540338,0.00676734051268202,0.123297832659133,-0.0645554248168247,-0.118699721439119,0.0284704690676061,-0.0516917685606972,-0.0194279542025035,-0.079110417340825,-0.0758631702868282,-0.098259552271251,0.00915208616014063,0.0506285106732449,-0.127441512901411,0.145863226793889,-0.0729218543430372,0.0402228387124732,-0.00300406751936144,0.0846243769916437,-0.0623416291319456,-0.087520434957109,-0.0893155570192952,0.0268490923599178,0.116249894999744,-0.0876017365083261,0.0266404942498122,0.113626945824112,-0.0103157806378711,0.0869710303058842,-0.147671286601899,0.043238053275352,-0.0339766734715266,-0.0793068942301849,-0.155698674298373,0.0665356363439262,-0.0369704327210814,0.10088574735986,0.0447674486838929,-0.0116659551444895,-0.105990083793874,0.12683046349959,0.00306860660888653,0.0811324371401283,-0.0587170849826673,-0.0357052688664767,-0.0105267562947331,-0.113646026714585,0.0105615168601401,0.00308003242788235,-0.0637270700570052,-0.0798612562035812,-0.0577424632937382,-0.0897532430044139,-0.117912446707849,0.0604684779322255,-0.039340112978663,0.0444201042488594,-0.0127568528171387,0.015063412582013,0.10949693148054,0.0716110516788437,-0.0121100066379234,0.0605700356246919,0.180993987944803,0.0783602871881397,-0.230861674385092,-0.0555035376158122,0.0233348448443316,-0.0267830993824805,-0.0063020497040136,-0.0443660921033366,-0.127212453839214,-0.0407564634801334,-0.0453749862359092,-0.0270346634078917,0.0312273930754807,0.104806238113551,-0.0671385583040678,-0.0764507511062562,-0.0484267863475654,-0.0226436519617828,-0.0736287925716668,0.0155536565334504,0.100219510622644,0.0754117981519447,0.076919790317564,-0.0058376793780992,-0.0335357971555572,0.00877790385854627,0.103976659002273,0.0347593022285118,-0.0394661437414001,-0.0267240925866368,-0.0715181154283009,-0.0160522963389074,-0.0416342315607503,-0.111737936963277,-0.0480361498439015,0.0417570910122507,0.0512563887152597,-0.0274395319773424,0.0799728311352443,0.170762484691852,-0.106983479263759,0.0498658577322626,0.046434242608093,0.0544433257891099,0.0430785089862868,-0.00262605649263037,0.0754956815286785,0.159216336378333,0.0712731630814698,0.027018754546041,-0.12323451626553,0.0345073504553524,0.000130319341387741,0.00660521227199973,0.0940141276712532,0.0586865867012674,-0.0255951271024069,0.0134557174280969,0.0125471315792005,-0.0231212316275746,-0.0590326090047397,0.0897901581572391,-0.0766268510893018,-0.176110197728253,-0.00437858668558988,0.0479121660890047,-0.00610076780887692,0.0159017786690603,0.0761684128733844,0.100368089501575,0.103787131855124,0.00268849675515614,0.0527808054436161,0.0733632449154937,0.0314467363033508,0.052430063384316,-0.0598021233511865,0.0737715501163574,0.078715921855234,-0.104150130107173,0.0652614566706586,-0.0287707308672847,-0.0836155557436351,0.0340335810850376,-0.0246992846130754,0.098218439901868,0.00418015502985525,0.00891689408787211,0.138162350913,-0.00146656045607463,0.0460029765672965,0.118927531384307,-0.00292568767295354,-0.00641853644081802,-0.0137954441236605,-0.103839669490934,-0.117567195810181,-0.128261186299123,0.0276838089303091,0.0211162848672417,0.000755303107801586,-0.0181545691627356,-0.0506943700352234,-0.0326544268716344,0.114336429444244,-0.0413550467623898,0.0292525944942343,0.00448710398641028,0.0859015708131945,0.103552812003621,-0.0945862893106981,0.0233844209801592,-0.0840957967644704,-0.0391663924407473,0.000255168327637056,-0.00150394242412677,-0.0889069862590137,0.0123913793986228,-0.0120192792033875,0.173662166236008,-0.0491074203975357,-0.0874212146951363,0.0136816374033715,-0.0322126740240471,-0.0134646630377939,0.00999472541047353,0.0764995467563696,-0.146981312552913,-0.00858732582919286,0.0548565620115782,-0.0687062684392155,0.0144561811493085,0.0622579614444225,-0.0278397768075509,0.0512050935066188,-0.0406296766426419,0.0656612612746004,0.0743440564882807,0.0333422772469878,-0.0946304255802248,-0.0306116300821229,-0.00459164770335141,0.0873818042091199,-0.0710105284420339,0.00853385189350542,0.144451819085291,0.0749013275873911,-0.0346206108002232,0.0535761611768173,0.0614581702915795,-0.138065233470334,0.048937916142985,0.107921493236045,0.0109313408559395,-0.056777123569379,-0.0352574288508838,-0.197480378819186,0.115582006828346,-0.00561006455563628,0.00472052818675639,-0.10379089258504,0.0873138300231151,-0.112241251877352,-0.127391248562835,-0.0172553909256408,-0.0465905693896587,0.0523837296492511,0.0715078189363927,0.00917845315878996,-0.0791384692094899,-0.118830774286288,-0.13870985072067,0.0220840335770549,-0.0772294311667361,0.00868722568079394,-0.0557383973155599,-0.145706714426931,-0.0549440001956913,0.00706719897984098,0.0521415639941005,0.00346701835458108,0.0579013877862149,-0.0199653030504079,0.120919531889182,0.0490451900201352,-0.187628052271429,0.0679320501245768,-0.00713320846074694,0.148874951666124,0.0135493347711659,-0.0145824720981951,-0.0603913611401325,0.118822259372439,-0.108760488148778,-0.0290357234126724,-0.165831373853207,-0.0410451084580146,-0.0230793800552793,0.138155323301079,-0.0271113927575328,-0.0796967455251214,-0.0227359153452187,-0.0127550463726194,0.0280193279941974,-0.0531695964557803,0.0598668569740937,0.0783839300357891,-0.0234975399351836,0.0583205277186643,-0.0842351371278882,-0.0265868766319861,0.126899952109633,-0.0898198630591249,-0.065087180504487,-0.0359380998639058,0.0783372676292491,0.0196222782976787,-0.149684881142362,0.0448555400094293,-0.0453305943189894,0.000383881769565164,-0.0573551384767317,-0.067679529744038,0.232779151669151,-0.0345354887301896,-0.00639865484501279,-0.0479704000483716,-0.0333982658214778,0.0426326515768571,-0.0318838882177159,0.0842708483520676,0.0229981383381244,0.176727854469693,-0.0434704837328379,-0.0210844190090738,-0.00584753975879426,-0.0462526199776505,0.0402688377821856,0.10000537032942,-0.0199405165027731,0.0282669267442366,0.0559943563509377,-0.0677329348453846,-0.00997537656254499,0.0249869048173761,-0.0188913214910409,-0.0285046433905647,0.169438627041961,-0.0682805633483139,-0.0979214110210309,0.0628874812018063,0.0963021298454974,0.00300523475496117,-0.0319716754566173,0.171845667712816,0.0641168856636203,0.093538238881639,0.0353582302566791,0.0923174909484643,0.0874459995703272,0.155570542015011,-0.0473326131134981,0.0743969299344227,-0.033417801506987,-0.0500550143388647,-0.0191591242352898,0.0344880815695201,0.0637047957733914,0.0574463830955947,0.0199905021297684,-0.0461571771307461,0.0248156398025849,0.123272145095942,0.0402716265118084,-0.111549038857872,0.0988486015519019,-0.132874445655193,-0.0692440305306912,-0.0433183095278311,-0.15294052938606,0.171650076111064,0.0934368943024926,0.0752619917809463,-0.0327067692112912,0.0990633576840509,-0.0461058278969082,-0.0751635300720648,-0.016445202516429,0.1712119102429,-0.032229147399879,0.118493231027609,0.0546788035909598,-0.0049896170241821,-0.03274474503475,0.00936063626081252,0.0102096283767694,0.0237462899225163,0.131479519622547,0.109274109467778,0.0729324282104731,0.0125376310637417,0.103732903746469,-0.0666451402864365,-0.0128683503462335,0.00574191921478073,0.0634747407350749,0.0951173170792559,-0.0234784826571879,0.0525294554036067,0.13385284181395,0.148779921234755,-0.00121513221260505,-0.179789429698155,-0.00882412365575203,0.112344894928717,0.0677738574212916,0.0407535019708876,0.140992196904816,-0.0103847119696221,-0.000555110131180925,0.0331032699037552,0.0749226421387128,0.223894224074185,0.128710678334783,0.0923311691637263,0.039539293442751,-0.0884832674092357,-0.0092329421329338,0.00753507488942295,0.0186576263483658,0.00389539486687096,-0.076186379443504,-0.0533543492116726,0.0479302070771808,0.0156839862365303,-0.0467194210481234,-0.0798496539359435,-0.00214188852514008,-0.041362285848539,0.130713179221866,-0.142594332238108,0.169772908624612,-0.217042362525197,-0.0603664068873924,-0.00118230715280854,-0.0308079205605689,-0.158862819579973,-0.0644518665583829,0.125623316001712,-0.0704322593586939,-0.18118592850597,0.0113903687441677,-0.135468057521869,0.0237064591936247,-0.17274278219859,-0.145921765821849,0.0406042326031109,-0.164707717220901,-0.00359837214286651,0.00851479389243015,-0.019824193968986,-0.097197745654884,-0.0585854514063957,0.128912322825154,0.00936893528281524,-0.0338121533049285,-0.0606823532590601,-0.055869507173524,-0.0228166404882786,-0.0790283287458085,-7.86635284550918e-05,-0.0588594423410909,-0.0359748261915853,0.0201659270272654,-0.0390643105361637,0.0794373913124122,0.118268426871873,0.0713803695852917,-0.102666996143075,-0.0202334863525615,-0.0538290992050086,-0.0696943236820537,-0.0137184578679879,0.0704696614151632,-0.0135458672052797,0.0118674493219189,0.11077005097254,-0.104679474371191,0.101019279361692,0.139175219620311,0.0655358895819247,0.187091567885818,-0.0685250881165498,0.0170551539821009,-0.011668233939794,-0.0606548502555349,-0.0224066024031866,-0.10321334171419,-0.024175806532563,-0.10351625551406,-0.0640018560367115,0.0512950708311952,-0.0348442610736646,0.0700734833697219,0.00857794137839463,0.0612295898647139,0.101738225628323,-0.00717964862030929,-0.0913804960389921,-0.0104517852944239,0.0309581536983512,0.166453235974514,-0.0397593213804095,0.0964876586714283,-0.0601930261662078,-0.0352166572166892,0.106319966520754,0.020563391142947,0.00569836284453773,0.0551508814809305,-0.0631230744987681,-0.0816753085216426,-0.0123281958725783,0.0494004602599807,-0.0936543262235672,0.0402639720791977,-0.013060037652501,-0.044749761787485,0.00408640351923339,0.151912826642721,0.0788620991282722,0.106294787995426,-0.0556827618629687,0.137299393685294,-0.0433449002204416,-0.0712380605989162,0.0489168358177672,-0.169995166929972,0.0602248828603651,-0.0591036584715248,0.135741512360705,0.0261146757391666,-0.0245108770586069,-0.0474496219111402,-0.102609173925874,0.0497112099039381,-0.179488335030587,0.0536817327317425,-0.0616979926495334,-0.0467038006198788,-0.00353870792288724,0.0462766974357214,-0.0848954448867416,-0.036210136826635,-0.00312652148377257,-0.0391599993645784,-0.109908419948781,0.0191964571348933,0.0546724374877401,0.0159037740111256,-0.192481243822089,-0.170529549842949,0.12266698188917,0.095184158625722,-0.0522261409406792,0.0381634575676169,-0.0930911791121201,-0.0730944886002005,0.0154712083743263,0.0804232738191073,-0.0713273570525899,0.0376157040257323,0.00693935427648196,0.0567505267038748,0.0830023445212584,0.0348978495328529,0.173744033508533,0.145257175028441,0.0929486868719629,0.107643781716713,0.0775649539388095,0.0349725558174121,-0.0643119197639099,-0.00141210588822194,-0.105773356285254,0.00917585823025524,-0.0215030453508818,-0.135085575373967,-0.0304824566562001,0.0106700913681597,-0.0681381552795508,0.0770240120279002,0.141519070751113,0.0808317610604781,-0.00180086893454012,0.0468107576383177,-0.0616630362213884,-0.137784152044552,-0.0689350734450134,-0.0444042032727214,0.0232185258142761,-0.078921491124643,-0.106477742080709,0.149449450454471,0.192234017953872,-0.0172771401636727,-0.0801619150509123,0.0477311620206917,0.091552898928714,-0.116293456828033,-0.103934818837812,0.107201694759373,-0.00826532169548333,0.0867413898040381,0.125786046027804,0.00932862101808096,-0.0648649649423545,-0.00413923649626202,0.0885269656667347,0.0736276716077642,0.0709675939542342,-0.0908286267025771,0.0149058385105914,0.0762542041643013,-0.166384948299704,0.234532091313321,0.0822743132265595,0.156922563298679,-0.209158633396535,0.109645253378208,0.0218854825736814,-0.0410449893779221,-0.033353494762455,0.0148389567308578,0.118192334297157,0.0867534925218139,-0.0177892749730035,0.000696372777762466,-0.0358934236229711,0.0488071527321818,-0.0597918729864064,-0.189012688424493,-0.0420578224695962,0.00510533995294482,-0.0865915569214115,0.0156324859249879,-0.0496454755232385,-0.00904441017117996,0.0713760441248568,0.0743737947652399,0.0856805197340891,0.104464528614279,0.0718915481652864,-0.182251829834654,-0.00186212606309422,0.080501324869426,0.0306956432153285,0.0598290790993148,0.0592431913450746,0.0828576534432792,-0.0319892600300067,0.143214753666459,-0.0545654855314535,0.00783298020688616,0.111384502844245,-0.0200732995442525,-0.00266113976759064,0.0543512159026238,-0.0956773948290528,0.00711016461652303,-0.0677635233422906,-0.0263683651142932,-0.0171454964434146,-0.192215019097805,-0.0306690511932861,0.139112926812609,0.176099775278411,-0.0186419872389845,0.0188795938621431,-0.0535021714294772,0.0317314615226885,0.06383550909307,-0.0245277984585197,0.107964779879507,-0.0556091254976412,0.0599721122757566,0.00401382834996222,0.0956437732447089,0.0134134075920813,0.0558785601894267,0.0907226335856115,-0.0383577092325909,-0.0739480548033953,0.00959808780592786,0.0170784774445183,0.170213381497693,0.0590419707446102,0.0251409150298902,0.0828755473880789,-0.0620204642200877,0.0149465297289697,-0.0205470807036647,0.0928221665616875,0.116797764310946,-0.0285483074672253,-0.0557938302759728,0.0903441497925985,0.0158625410023434,-0.0345028241718808
